src,dst,spec,slots_used,core_src,core_dst,tfk_slot
0,1,0,3,0,0,46.6
0,2,3,3,0,0,46.6
0,11,6,3,0,0,46.6
0,13,9,3,0,0,46.6
0,15,12,3,0,0,46.6
0,16,15,3,0,0,46.6
0,21,18,3,0,0,46.6
0,27,21,3,0,0,46.6
0,40,24,3,0,0,46.6
0,41,27,3,0,0,46.6
0,52,30,3,0,0,46.6
0,53,33,3,0,0,46.6
0,54,36,3,0,0,46.6
0,55,39,3,0,0,46.6
0,64,42,3,0,0,46.6
0,66,45,3,0,0,46.6
0,71,48,3,0,0,46.6
0,72,51,3,0,0,46.6
0,83,54,3,0,0,46.6
0,84,57,3,0,0,46.6
0,86,60,3,0,0,46.6
0,88,63,3,0,0,46.6
0,94,66,3,0,0,46.6
0,99,69,3,0,0,46.6
1,2,6,3,0,0,46.6
1,3,3,3,0,0,46.6
1,4,9,3,0,0,46.6
1,5,12,3,0,0,46.6
1,7,15,3,0,0,46.6
1,8,18,3,0,0,46.6
1,9,21,3,0,0,46.6
1,10,24,3,0,0,46.6
1,11,27,3,0,0,46.6
1,12,30,3,0,0,46.6
1,13,33,3,0,0,46.6
1,15,36,3,0,0,46.6
1,16,39,3,0,0,46.6
1,18,42,3,0,0,46.6
1,19,45,3,0,0,46.6
1,20,48,3,0,0,46.6
1,21,51,3,0,0,46.6
1,22,54,3,0,0,46.6
1,24,57,3,0,0,46.6
1,25,60,3,0,0,46.6
1,26,63,3,0,0,46.6
1,27,66,3,0,0,46.6
1,28,69,3,0,0,46.6
1,29,72,3,0,0,46.6
1,30,75,3,0,0,46.6
1,32,0,3,1,0,46.6
1,33,3,3,1,0,46.6
1,38,6,3,1,0,46.6
1,39,9,3,1,0,46.6
1,40,12,3,1,0,46.6
1,41,15,3,1,0,46.6
1,42,18,3,1,0,46.6
1,43,21,3,1,0,46.6
1,44,24,3,1,0,46.6
1,45,27,3,1,0,46.6
1,46,30,3,1,0,46.6
1,47,33,3,1,0,46.6
1,49,36,3,1,0,46.6
1,50,39,3,1,0,46.6
1,51,42,3,1,0,46.6
1,55,45,3,1,0,46.6
1,56,48,3,1,0,46.6
1,58,51,3,1,0,46.6
1,59,54,3,1,0,46.6
1,61,57,3,1,0,46.6
1,62,60,3,1,0,46.6
1,63,63,3,1,0,46.6
1,64,66,3,1,0,46.6
1,65,69,3,1,0,46.6
1,66,72,3,1,0,46.6
1,67,75,3,1,0,46.6
1,68,0,3,2,0,46.6
1,69,3,3,2,0,46.6
1,70,6,3,2,0,46.6
1,72,9,3,2,0,46.6
1,75,12,3,2,0,46.6
1,76,15,3,2,0,46.6
1,77,18,3,2,0,46.6
1,78,21,3,2,0,46.6
1,79,24,3,2,0,46.6
1,80,27,3,2,0,46.6
1,81,30,3,2,0,46.6
1,83,33,3,2,0,46.6
1,85,36,3,2,0,46.6
1,86,39,3,2,0,46.6
1,87,42,3,2,0,46.6
1,88,45,3,2,0,46.6
1,89,48,3,2,0,46.6
1,91,51,3,2,0,46.6
1,92,54,3,2,0,46.6
1,93,57,3,2,0,46.6
1,94,60,3,2,0,46.6
1,95,63,3,2,0,46.6
1,96,66,3,2,0,46.6
1,97,69,3,2,0,46.6
1,98,72,3,2,0,46.6
1,99,75,3,2,0,46.6
2,1,0,3,0,3,46.6
2,3,9,3,0,0,46.6
2,4,12,3,0,0,46.6
2,5,15,3,0,0,46.6
2,6,18,3,0,0,46.6
2,7,21,3,0,0,46.6
2,8,24,3,0,0,46.6
2,10,27,3,0,0,46.6
2,11,30,3,0,0,46.6
2,12,33,3,0,0,46.6
2,13,36,3,0,0,46.6
2,14,39,3,0,0,46.6
2,16,42,3,0,0,46.6
2,21,45,3,0,0,46.6
2,22,48,3,0,0,46.6
2,23,51,3,0,0,46.6
2,24,54,3,0,0,46.6
2,26,57,3,0,0,46.6
2,28,60,3,0,0,46.6
2,29,63,3,0,0,46.6
2,30,66,3,0,0,46.6
2,31,69,3,0,0,46.6
2,32,72,3,0,0,46.6
2,34,75,3,0,0,46.6
2,35,0,3,1,0,46.6
2,36,3,3,1,0,46.6
2,37,6,3,1,0,46.6
2,38,9,3,1,0,46.6
2,39,12,3,1,0,46.6
2,40,15,3,1,0,46.6
2,41,18,3,1,0,46.6
2,43,24,3,1,0,46.6
2,44,21,3,1,0,46.6
2,46,27,3,1,0,46.6
2,47,30,3,1,0,46.6
2,48,33,3,1,0,46.6
2,49,39,3,1,0,46.6
2,50,36,3,1,0,46.6
2,51,45,3,1,0,46.6
2,53,42,3,1,0,46.6
2,54,48,3,1,0,46.6
2,55,51,3,1,0,46.6
2,56,54,3,1,0,46.6
2,57,57,3,1,0,46.6
2,58,60,3,1,0,46.6
2,60,63,3,1,0,46.6
2,61,66,3,1,0,46.6
2,62,69,3,1,0,46.6
2,63,72,3,1,0,46.6
2,64,75,3,1,0,46.6
2,65,0,3,2,0,46.6
2,66,3,3,2,0,46.6
2,68,6,3,2,0,46.6
2,69,9,3,2,0,46.6
2,70,12,3,2,0,46.6
2,71,15,3,2,0,46.6
2,72,18,3,2,0,46.6
2,75,21,3,2,0,46.6
2,76,24,3,2,0,46.6
2,78,27,3,2,0,46.6
2,79,30,3,2,0,46.6
2,80,33,3,2,0,46.6
2,81,36,3,2,0,46.6
2,82,39,3,2,0,46.6
2,83,42,3,2,0,46.6
2,84,45,3,2,0,46.6
2,85,48,3,2,0,46.6
2,86,51,3,2,0,46.6
2,87,54,3,2,0,46.6
2,88,57,3,2,0,46.6
2,89,60,3,2,0,46.6
2,90,63,3,2,0,46.6
2,92,66,3,2,0,46.6
2,94,69,3,2,0,46.6
2,95,72,3,2,0,46.6
2,96,75,3,2,0,46.6
2,97,0,3,3,0,46.6
2,98,3,3,3,0,46.6
2,99,6,3,3,0,46.6
3,1,6,3,0,3,46.6
3,5,0,3,0,0,46.6
3,6,12,3,0,0,46.6
3,8,15,3,0,0,46.6
3,9,18,3,0,0,46.6
3,12,21,3,0,0,46.6
3,13,24,3,0,0,46.6
3,14,27,3,0,0,46.6
3,16,30,3,0,0,46.6
3,18,33,3,0,0,46.6
3,21,36,3,0,0,46.6
3,24,39,3,0,0,46.6
3,25,42,3,0,0,46.6
3,26,45,3,0,0,46.6
3,30,48,3,0,0,46.6
3,31,51,3,0,0,46.6
3,33,54,3,0,0,46.6
3,34,57,3,0,0,46.6
3,35,60,3,0,0,46.6
3,37,63,3,0,0,46.6
3,38,66,3,0,0,46.6
3,40,69,3,0,0,46.6
3,42,72,3,0,0,46.6
3,43,75,3,0,0,46.6
3,44,0,3,1,0,46.6
3,45,3,3,1,0,46.6
3,46,6,3,1,0,46.6
3,47,9,3,1,0,46.6
3,49,12,3,1,0,46.6
3,50,15,3,1,0,46.6
3,52,18,3,1,0,46.6
3,53,21,3,1,0,46.6
3,57,24,3,1,0,46.6
3,60,27,3,1,0,46.6
3,65,30,3,1,0,46.6
3,67,33,3,1,0,46.6
3,69,36,3,1,0,46.6
3,70,39,3,1,0,46.6
3,72,42,3,1,0,46.6
3,73,45,3,1,0,46.6
3,75,48,3,1,0,46.6
3,78,51,3,1,0,46.6
3,80,54,3,1,0,46.6
3,81,57,3,1,0,46.6
3,82,60,3,1,0,46.6
3,84,63,3,1,0,46.6
3,86,66,3,1,0,46.6
3,90,69,3,1,0,46.6
3,91,72,3,1,0,46.6
3,92,75,3,1,0,46.6
3,93,0,3,2,0,46.6
3,95,3,3,2,0,46.6
3,97,6,3,2,0,46.6
4,1,3,3,0,3,46.6
4,2,15,3,0,3,46.6
4,3,18,3,0,2,46.6
4,5,6,3,0,0,46.6
4,6,0,3,0,0,46.6
4,8,21,3,0,0,46.6
4,10,30,3,0,0,46.6
4,11,24,3,0,0,46.6
4,14,33,3,0,0,46.6
4,15,27,3,0,0,46.6
4,19,36,3,0,0,46.6
4,20,39,3,0,0,46.6
4,22,42,3,0,0,46.6
4,23,45,3,0,0,46.6
4,24,48,3,0,0,46.6
4,25,51,3,0,0,46.6
4,28,54,3,0,0,46.6
4,32,57,3,0,0,46.6
4,33,60,3,0,0,46.6
4,34,63,3,0,0,46.6
4,36,66,3,0,0,46.6
4,37,69,3,0,0,46.6
4,38,72,3,0,0,46.6
4,39,75,3,0,0,46.6
4,40,0,3,1,0,46.6
4,41,3,3,1,0,46.6
4,42,6,3,1,0,46.6
4,43,9,3,1,0,46.6
4,44,12,3,1,0,46.6
4,45,15,3,1,0,46.6
4,46,18,3,1,0,46.6
4,47,21,3,1,0,46.6
4,48,24,3,1,0,46.6
4,50,27,3,1,0,46.6
4,52,33,3,1,0,46.6
4,53,30,3,1,0,46.6
4,54,39,3,1,0,46.6
4,55,36,3,1,0,46.6
4,56,42,3,1,0,46.6
4,58,45,3,1,0,46.6
4,60,48,3,1,0,46.6
4,61,51,3,1,0,46.6
4,62,54,3,1,0,46.6
4,64,57,3,1,0,46.6
4,65,60,3,1,0,46.6
4,66,63,3,1,0,46.6
4,68,66,3,1,0,46.6
4,70,69,3,1,0,46.6
4,71,72,3,1,0,46.6
4,73,75,3,1,0,46.6
4,74,0,3,2,0,46.6
4,77,3,3,2,0,46.6
4,78,6,3,2,0,46.6
4,79,9,3,2,0,46.6
4,82,12,3,2,0,46.6
4,83,15,3,2,0,46.6
4,87,18,3,2,0,46.6
4,89,21,3,2,0,46.6
4,92,24,3,2,0,46.6
4,93,27,3,2,0,46.6
4,94,30,3,2,0,46.6
4,95,33,3,2,0,46.6
4,96,36,3,2,0,46.6
4,99,39,3,2,0,46.6
5,2,9,3,0,3,46.6
5,7,3,3,0,0,46.6
5,10,18,3,0,0,46.6
5,12,24,3,0,0,46.6
5,15,21,3,0,0,46.6
5,17,27,3,0,0,46.6
5,21,30,3,0,0,46.6
5,22,33,3,0,0,46.6
5,24,36,3,0,0,46.6
5,26,39,3,0,0,46.6
5,28,42,3,0,0,46.6
5,35,45,3,0,0,46.6
5,41,48,3,0,0,46.6
5,49,51,3,0,0,46.6
5,51,54,3,0,0,46.6
5,53,57,3,0,0,46.6
5,55,60,3,0,0,46.6
5,57,63,3,0,0,46.6
5,58,66,3,0,0,46.6
5,73,69,3,0,0,46.6
5,74,72,3,0,0,46.6
5,75,75,3,0,0,46.6
5,76,0,3,1,0,46.6
5,77,6,3,1,0,46.6
5,83,3,3,1,0,46.6
5,84,9,3,1,0,46.6
5,97,12,3,1,0,46.6
6,1,9,3,0,3,46.6
6,5,15,3,0,1,46.6
6,7,6,3,0,0,46.6
6,9,3,3,0,0,46.6
6,10,21,3,0,0,46.6
6,11,33,3,0,0,46.6
6,12,27,3,0,0,46.6
6,13,30,3,0,0,46.6
6,20,24,3,0,0,46.6
6,22,36,3,0,0,46.6
6,23,39,3,0,0,46.6
6,24,42,3,0,0,46.6
6,25,45,3,0,0,46.6
6,26,48,3,0,0,46.6
6,29,51,3,0,0,46.6
6,33,57,3,0,0,46.6
6,34,54,3,0,0,46.6
6,35,63,3,0,0,46.6
6,38,60,3,0,0,46.6
6,41,66,3,0,0,46.6
6,42,69,3,0,0,46.6
6,43,72,3,0,0,46.6
6,45,75,3,0,0,46.6
6,46,0,3,1,0,46.6
6,50,3,3,1,0,46.6
6,52,6,3,1,0,46.6
6,53,9,3,1,0,46.6
6,54,12,3,1,0,46.6
6,56,15,3,1,0,46.6
6,62,18,3,1,0,46.6
6,63,21,3,1,0,46.6
6,67,24,3,1,0,46.6
6,68,27,3,1,0,46.6
6,71,30,3,1,0,46.6
6,72,33,3,1,0,46.6
6,73,36,3,1,0,46.6
6,75,39,3,1,0,46.6
6,77,42,3,1,0,46.6
6,78,45,3,1,0,46.6
6,79,48,3,1,0,46.6
6,82,51,3,1,0,46.6
6,83,57,3,1,0,46.6
6,86,54,3,1,0,46.6
6,87,60,3,1,0,46.6
6,89,63,3,1,0,46.6
6,90,66,3,1,0,46.6
6,91,69,3,1,0,46.6
6,94,72,3,1,0,46.6
6,99,75,3,1,1,46.6
7,1,12,3,0,3,46.6
7,8,0,3,0,0,46.6
7,15,9,3,0,0,46.6
7,16,18,3,0,0,46.6
7,20,27,3,0,0,46.6
7,23,24,3,0,0,46.6
7,32,30,3,0,0,46.6
7,35,33,3,0,0,46.6
7,37,36,3,0,0,46.6
7,44,39,3,0,0,46.6
7,51,48,3,0,0,46.6
7,52,42,3,0,0,46.6
7,65,45,3,0,0,46.6
7,68,51,3,0,0,46.6
7,69,54,3,0,0,46.6
7,73,57,3,0,0,46.6
7,74,60,3,0,0,46.6
7,80,63,3,0,0,46.6
7,83,66,3,0,0,46.6
8,7,69,3,0,0,46.6
8,9,6,3,0,0,46.6
8,10,3,3,0,0,46.6
8,13,12,3,0,0,46.6
8,14,9,3,0,0,46.6
8,15,30,3,0,0,46.6
8,21,27,3,0,0,46.6
8,22,39,3,0,0,46.6
8,24,33,3,0,0,46.6
8,25,36,3,0,0,46.6
8,31,42,3,0,0,46.6
8,35,48,3,0,0,46.6
8,37,45,3,0,0,46.6
8,38,51,3,0,0,46.6
8,40,54,3,0,0,46.6
8,45,57,3,0,0,46.6
8,55,63,3,0,0,46.6
8,58,72,3,0,0,46.6
8,62,66,3,0,0,46.6
8,64,60,3,0,0,46.6
8,71,75,3,0,0,46.6
8,72,0,3,1,0,46.6
8,75,3,3,1,0,46.6
8,77,9,3,1,0,46.6
8,80,6,3,1,0,46.6
8,84,12,3,1,0,46.6
8,85,15,3,1,0,46.6
8,88,18,3,1,0,46.6
8,89,24,3,1,0,46.6
8,91,21,3,1,0,46.6
8,96,27,3,1,0,46.6
9,1,15,3,0,3,46.6
9,2,12,3,0,3,46.6
9,3,9,3,0,2,46.6
9,5,24,3,0,1,46.6
9,6,0,3,0,2,46.6
9,7,72,3,0,0,46.6
9,10,33,3,0,0,46.6
9,11,36,3,0,0,46.6
9,12,39,3,0,0,46.6
9,13,27,3,0,0,46.6
9,14,30,3,0,0,46.6
9,15,42,3,0,0,46.6
9,16,45,3,0,0,46.6
9,20,51,3,0,0,46.6
9,21,48,3,0,0,46.6
9,23,54,3,0,0,46.6
9,27,57,3,0,0,46.6
9,29,60,3,0,0,46.6
9,30,63,3,0,0,46.6
9,32,66,3,0,0,46.6
9,33,69,3,0,0,46.6
9,34,75,3,0,1,46.6
9,35,3,3,1,0,46.6
9,36,0,3,1,0,46.6
9,37,9,3,1,0,46.6
9,38,12,3,1,0,46.6
9,40,6,3,1,0,46.6
9,41,21,3,1,0,46.6
9,42,15,3,1,0,46.6
9,43,18,3,1,0,46.6
9,44,27,3,1,0,46.6
9,45,24,3,1,0,46.6
9,47,36,3,1,0,46.6
9,48,30,3,1,0,46.6
9,49,33,3,1,0,46.6
9,50,42,3,1,0,46.6
9,51,39,3,1,0,46.6
9,53,45,3,1,0,46.6
9,55,48,3,1,0,46.6
9,58,54,3,1,0,46.6
9,59,51,3,1,0,46.6
9,60,57,3,1,0,46.6
9,61,60,3,1,0,46.6
9,62,63,3,1,0,46.6
9,63,66,3,1,0,46.6
9,65,72,3,1,0,46.6
9,67,69,3,1,0,46.6
9,71,75,3,1,1,46.6
9,72,3,3,2,0,46.6
9,73,0,3,2,0,46.6
9,74,6,3,2,0,46.6
9,75,9,3,2,0,46.6
9,77,12,3,2,0,46.6
9,78,15,3,2,0,46.6
9,80,18,3,2,0,46.6
9,84,21,3,2,0,46.6
9,86,24,3,2,0,46.6
9,87,27,3,2,0,46.6
9,88,30,3,2,0,46.6
9,90,33,3,2,0,46.6
9,91,36,3,2,0,46.6
9,93,39,3,2,0,46.6
9,94,42,3,2,0,46.6
9,95,45,3,2,0,46.6
9,96,48,3,2,0,46.6
9,98,51,3,2,0,46.6
10,1,36,3,0,3,46.6
10,3,12,3,0,2,46.6
10,6,6,3,0,2,46.6
10,11,0,3,0,0,46.6
10,13,15,3,0,0,46.6
10,15,39,3,0,0,46.6
10,16,9,3,0,0,46.6
10,17,42,3,0,0,46.6
10,25,48,3,0,0,46.6
10,27,45,3,0,0,46.6
10,31,54,3,0,0,46.6
10,32,51,3,0,0,46.6
10,35,57,3,0,0,46.6
10,36,60,3,0,0,46.6
10,37,66,3,0,0,46.6
10,38,63,3,0,0,46.6
10,39,69,3,0,0,46.6
10,40,72,3,0,0,46.6
10,41,75,3,0,0,46.6
10,43,0,3,1,0,46.6
10,46,3,3,1,0,46.6
10,47,6,3,1,0,46.6
10,49,9,3,1,0,46.6
10,53,12,3,1,0,46.6
10,55,15,3,1,0,46.6
10,57,18,3,1,0,46.6
10,59,21,3,1,0,46.6
10,61,24,3,1,0,46.6
10,63,27,3,1,0,46.6
10,64,30,3,1,0,46.6
10,65,33,3,1,0,46.6
10,67,36,3,1,0,46.6
10,71,39,3,1,0,46.6
10,73,42,3,1,0,46.6
10,74,45,3,1,0,46.6
10,75,51,3,1,0,46.6
10,82,48,3,1,0,46.6
10,83,60,3,1,0,46.6
10,85,54,3,1,0,46.6
10,86,57,3,1,0,46.6
10,88,66,3,1,0,46.6
10,95,69,3,1,0,46.6
10,96,63,3,1,0,46.6
10,97,72,3,1,0,46.6
10,98,75,3,1,0,46.6
10,99,0,3,2,0,46.6
11,8,39,3,0,1,46.6
11,10,3,3,0,2,46.6
11,17,9,3,0,0,46.6
11,18,12,3,0,0,46.6
11,19,15,3,0,0,46.6
11,20,18,3,0,0,46.6
11,26,21,3,0,0,46.6
11,27,42,3,0,0,46.6
11,29,45,3,0,0,46.6
11,32,48,3,0,0,46.6
11,36,51,3,0,0,46.6
11,42,54,3,0,0,46.6
11,43,57,3,0,0,46.6
11,49,60,3,0,0,46.6
11,56,63,3,0,0,46.6
11,63,69,3,0,0,46.6
11,66,66,3,0,0,46.6
11,69,72,3,0,0,46.6
11,74,75,3,0,0,46.6
11,82,0,3,1,0,46.6
11,84,3,3,1,0,46.6
11,86,6,3,1,0,46.6
11,87,9,3,1,0,46.6
11,89,12,3,1,0,46.6
11,90,15,3,1,0,46.6
11,92,18,3,1,0,46.6
11,94,21,3,1,0,46.6
11,95,24,3,1,0,46.6
12,2,18,3,0,3,46.6
12,3,15,3,0,2,46.6
12,4,42,3,0,2,46.6
12,5,36,3,0,1,46.6
12,6,3,3,0,2,46.6
12,8,45,3,0,1,46.6
12,9,54,3,0,2,46.6
12,10,6,3,0,2,46.6
12,11,48,3,0,1,46.6
12,13,0,3,0,0,46.6
12,14,12,3,0,0,46.6
12,17,51,3,0,0,46.6
12,18,9,3,0,0,46.6
12,19,57,3,0,0,46.6
12,20,60,3,0,0,46.6
12,23,63,3,0,0,46.6
12,24,66,3,0,0,46.6
12,25,69,3,0,0,46.6
12,26,72,3,0,0,46.6
12,27,75,3,0,0,46.6
12,28,0,3,1,0,46.6
12,29,3,3,1,0,46.6
12,31,6,3,1,0,46.6
12,32,9,3,1,0,46.6
12,33,12,3,1,0,46.6
12,35,15,3,1,0,46.6
12,36,18,3,1,0,46.6
12,37,21,3,1,0,46.6
12,38,24,3,1,0,46.6
12,39,27,3,1,0,46.6
12,40,30,3,1,0,46.6
12,42,33,3,1,0,46.6
12,43,36,3,1,0,46.6
12,44,42,3,1,0,46.6
12,45,39,3,1,0,46.6
12,47,45,3,1,0,46.6
12,48,48,3,1,0,46.6
12,49,54,3,1,0,46.6
12,50,51,3,1,0,46.6
12,51,57,3,1,0,46.6
12,52,60,3,1,0,46.6
12,53,63,3,1,0,46.6
12,54,66,3,1,0,46.6
12,55,69,3,1,0,46.6
12,56,72,3,1,0,46.6
12,58,75,3,1,0,46.6
12,60,0,3,2,0,46.6
12,61,3,3,2,0,46.6
12,62,6,3,2,0,46.6
12,63,9,3,2,0,46.6
12,65,12,3,2,0,46.6
12,66,15,3,2,0,46.6
12,67,18,3,2,0,46.6
12,71,21,3,2,0,46.6
12,72,24,3,2,0,46.6
12,73,27,3,2,0,46.6
12,74,30,3,2,0,46.6
12,75,33,3,2,0,46.6
12,76,36,3,2,0,46.6
12,77,39,3,2,0,46.6
12,80,42,3,2,0,46.6
12,81,45,3,2,0,46.6
12,82,54,3,2,0,46.6
12,83,48,3,2,0,46.6
12,84,51,3,2,0,46.6
12,85,57,3,2,0,46.6
12,86,63,3,2,0,46.6
12,87,66,3,2,0,46.6
12,89,69,3,2,0,46.6
12,90,60,3,2,0,46.6
12,91,75,3,2,0,46.6
12,92,72,3,2,0,46.6
12,93,3,3,3,0,46.6
12,94,0,3,3,0,46.6
12,96,6,3,3,0,46.6
12,97,9,3,3,0,46.6
12,98,12,3,3,0,46.6
12,99,15,3,3,0,46.6
13,0,72,3,0,0,46.6
13,1,18,3,0,3,46.6
13,3,21,3,0,2,46.6
13,4,45,3,0,2,46.6
13,5,39,3,0,1,46.6
13,6,42,3,0,2,46.6
13,7,75,3,0,0,46.6
13,8,48,3,0,1,46.6
13,9,57,3,0,2,46.6
13,10,51,3,0,2,46.6
13,15,3,3,0,0,46.6
13,17,6,3,0,0,46.6
13,18,54,3,0,0,46.6
13,19,60,3,0,0,46.6
13,20,63,3,0,0,46.6
13,22,66,3,0,0,46.6
13,23,69,3,0,0,46.6
13,24,0,3,1,0,46.6
13,26,3,3,1,0,46.6
13,28,6,3,1,0,46.6
13,30,9,3,1,0,46.6
13,32,12,3,1,0,46.6
13,35,18,3,1,0,46.6
13,37,15,3,1,0,46.6
13,38,21,3,1,0,46.6
13,39,24,3,1,0,46.6
13,41,30,3,1,0,46.6
13,42,27,3,1,0,46.6
13,43,33,3,1,0,46.6
13,44,36,3,1,0,46.6
13,45,42,3,1,0,46.6
13,47,39,3,1,0,46.6
13,48,45,3,1,0,46.6
13,51,51,3,1,0,46.6
13,52,48,3,1,0,46.6
13,53,54,3,1,0,46.6
13,54,57,3,1,0,46.6
13,55,66,3,1,0,46.6
13,56,60,3,1,0,46.6
13,58,63,3,1,0,46.6
13,61,69,3,1,0,46.6
13,63,75,3,1,0,46.6
13,65,72,3,1,1,46.6
13,67,0,3,2,0,46.6
13,69,6,3,2,0,46.6
13,72,12,3,2,0,46.6
13,73,3,3,2,0,46.6
13,75,15,3,2,0,46.6
13,76,9,3,2,0,46.6
13,77,21,3,2,0,46.6
13,78,18,3,2,0,46.6
13,79,27,3,2,0,46.6
13,83,24,3,2,0,46.6
13,84,30,3,2,0,46.6
13,85,33,3,2,0,46.6
13,86,36,3,2,0,46.6
13,87,39,3,2,0,46.6
13,88,42,3,2,0,46.6
13,89,45,3,2,0,46.6
13,92,48,3,2,0,46.6
13,95,51,3,2,0,46.6
13,96,54,3,2,0,46.6
13,97,57,3,2,0,46.6
13,99,60,3,2,0,46.6
14,0,75,3,0,0,46.6
14,5,18,3,0,1,46.6
14,9,60,3,0,2,46.6
14,12,21,3,0,3,46.6
14,24,3,3,0,0,46.6
14,26,0,3,0,0,46.6
14,30,6,3,0,0,46.6
14,35,24,3,0,0,46.6
14,36,15,3,0,0,46.6
14,43,42,3,0,0,46.6
14,50,45,3,0,0,46.6
14,56,36,3,0,0,46.6
14,60,51,3,0,0,46.6
14,62,48,3,0,0,46.6
14,67,54,3,0,0,46.6
14,68,57,3,0,0,46.6
14,71,63,3,0,0,46.6
14,74,66,3,0,0,46.6
14,75,69,3,0,0,46.6
14,84,72,3,0,0,46.6
14,87,0,3,1,0,46.6
14,90,3,3,1,0,46.6
14,94,6,3,1,0,46.6
15,0,0,3,0,1,46.6
15,1,24,3,0,3,46.6
15,2,33,3,0,3,46.6
15,3,45,3,0,2,46.6
15,4,48,3,0,2,46.6
15,5,51,3,0,1,46.6
15,7,6,3,0,1,46.6
15,8,54,3,0,1,46.6
15,9,63,3,0,2,46.6
15,10,15,3,0,2,46.6
15,11,57,3,0,1,46.6
15,12,18,3,0,3,46.6
15,14,60,3,0,1,46.6
15,16,66,3,0,0,46.6
15,17,69,3,0,0,46.6
15,18,72,3,0,0,46.6
15,19,75,3,0,0,46.6
15,20,0,3,1,0,46.6
15,21,3,3,1,0,46.6
15,22,6,3,1,0,46.6
15,23,9,3,1,0,46.6
15,25,12,3,1,0,46.6
15,27,15,3,1,0,46.6
15,28,18,3,1,0,46.6
15,30,21,3,1,0,46.6
15,31,24,3,1,0,46.6
15,32,27,3,1,0,46.6
15,33,30,3,1,0,46.6
15,34,33,3,1,0,46.6
15,35,36,3,1,0,46.6
15,36,39,3,1,0,46.6
15,37,42,3,1,0,46.6
15,38,45,3,1,0,46.6
15,40,48,3,1,0,46.6
15,42,51,3,1,0,46.6
15,43,54,3,1,0,46.6
15,45,60,3,1,0,46.6
15,46,57,3,1,0,46.6
15,47,63,3,1,0,46.6
15,48,66,3,1,0,46.6
15,49,69,3,1,0,46.6
15,50,72,3,1,0,46.6
15,51,75,3,1,0,46.6
15,52,0,3,2,0,46.6
15,53,3,3,2,0,46.6
15,55,6,3,2,0,46.6
15,57,9,3,2,0,46.6
15,58,12,3,2,0,46.6
15,59,15,3,2,0,46.6
15,60,18,3,2,0,46.6
15,61,21,3,2,0,46.6
15,62,24,3,2,0,46.6
15,63,30,3,2,0,46.6
15,64,27,3,2,0,46.6
15,65,36,3,2,0,46.6
15,67,39,3,2,0,46.6
15,69,33,3,2,0,46.6
15,70,42,3,2,0,46.6
15,71,45,3,2,0,46.6
15,72,48,3,2,0,46.6
15,74,51,3,2,0,46.6
15,77,54,3,2,0,46.6
15,78,57,3,2,0,46.6
15,79,60,3,2,0,46.6
15,80,66,3,2,0,46.6
15,81,63,3,2,0,46.6
15,83,69,3,2,0,46.6
15,84,75,3,2,0,46.6
15,85,72,3,2,0,46.6
15,86,0,3,3,0,46.6
15,87,3,3,3,0,46.6
15,90,6,3,3,0,46.6
15,91,9,3,3,0,46.6
15,92,12,3,3,0,46.6
15,93,15,3,3,0,46.6
15,94,18,3,3,0,46.6
15,95,21,3,3,0,46.6
15,96,24,3,3,0,46.6
15,97,27,3,3,0,46.6
15,98,30,3,3,0,46.6
15,99,33,3,3,0,46.6
16,0,3,3,0,1,46.6
16,1,21,3,0,3,46.6
16,3,24,3,0,2,46.6
16,7,0,3,0,1,46.6
16,8,33,3,0,1,46.6
16,15,36,3,0,3,46.6
16,17,12,3,0,0,46.6
16,23,6,3,0,0,46.6
16,27,27,3,0,0,46.6
16,32,54,3,0,0,46.6
16,33,48,3,0,0,46.6
16,40,51,3,0,0,46.6
16,43,60,3,0,0,46.6
16,44,57,3,0,0,46.6
16,46,63,3,0,0,46.6
16,51,69,3,0,0,46.6
16,52,72,3,0,0,46.6
16,55,75,3,0,0,46.6
16,57,0,3,1,0,46.6
16,58,3,3,1,0,46.6
16,59,6,3,1,0,46.6
16,60,9,3,1,0,46.6
16,62,12,3,1,0,46.6
16,63,15,3,1,0,46.6
16,64,18,3,1,0,46.6
16,67,21,3,1,0,46.6
16,73,24,3,1,0,46.6
16,74,27,3,1,0,46.6
16,75,30,3,1,0,46.6
16,80,36,3,1,0,46.6
16,84,33,3,1,0,46.6
16,86,42,3,1,0,46.6
16,88,39,3,1,0,46.6
16,96,45,3,1,0,46.6
16,98,48,3,1,0,46.6
16,99,51,3,1,0,46.6
17,9,66,3,0,2,46.6
17,14,15,3,0,1,46.6
17,15,39,3,0,3,46.6
17,28,3,3,0,0,46.6
17,34,0,3,0,0,46.6
17,36,21,3,0,0,46.6
17,37,18,3,0,0,46.6
17,40,33,3,0,0,46.6
17,42,24,3,0,0,46.6
17,44,30,3,0,0,46.6
17,45,36,3,0,0,46.6
17,50,48,3,0,0,46.6
17,51,60,3,0,0,46.6
17,61,45,3,0,0,46.6
17,65,54,3,0,0,46.6
17,67,57,3,0,0,46.6
17,77,63,3,0,0,46.6
17,78,72,3,0,0,46.6
17,83,75,3,0,0,46.6
17,86,3,3,1,0,46.6
17,87,6,3,1,0,46.6
17,92,0,3,1,0,46.6
17,97,15,3,1,0,46.6
17,99,9,3,1,0,46.6
18,4,51,3,0,2,46.6
18,7,3,3,0,1,46.6
18,8,30,3,0,1,46.6
18,14,18,3,0,1,46.6
18,15,45,3,0,3,46.6
18,21,0,3,0,0,46.6
18,25,6,3,0,0,46.6
18,26,15,3,0,0,46.6
18,35,21,3,0,0,46.6
18,38,27,3,0,0,46.6
18,39,36,3,0,0,46.6
18,40,39,3,0,0,46.6
18,41,24,3,0,0,46.6
18,49,48,3,0,0,46.6
18,51,63,3,0,0,46.6
18,53,60,3,0,0,46.6
18,54,69,3,0,0,46.6
18,58,57,3,0,0,46.6
18,60,66,3,0,0,46.6
18,61,75,3,0,0,46.6
18,62,0,3,1,0,46.6
18,63,3,3,1,0,46.6
18,64,6,3,1,0,46.6
18,70,9,3,1,0,46.6
18,72,15,3,1,0,46.6
18,73,12,3,1,0,46.6
18,82,18,3,1,0,46.6
18,85,21,3,1,0,46.6
18,86,27,3,1,0,46.6
18,87,24,3,1,0,46.6
18,90,30,3,1,0,46.6
18,92,33,3,1,0,46.6
18,93,36,3,1,0,46.6
18,96,39,3,1,0,46.6
19,1,27,3,0,3,46.6
19,3,30,3,0,2,46.6
19,6,9,3,0,2,46.6
19,9,69,3,0,2,46.6
19,10,12,3,0,2,46.6
19,13,63,3,0,2,46.6
19,16,54,3,0,1,46.6
19,17,18,3,0,1,46.6
19,20,3,3,0,0,46.6
19,21,6,3,0,0,46.6
19,22,0,3,0,0,46.6
19,23,21,3,0,0,46.6
19,25,24,3,0,0,46.6
19,26,33,3,0,0,46.6
19,30,39,3,0,0,46.6
19,31,48,3,0,0,46.6
19,37,51,3,0,0,46.6
19,38,42,3,0,0,46.6
19,43,66,3,0,0,46.6
19,49,72,3,0,0,46.6
19,50,0,3,1,0,46.6
19,51,3,3,1,0,46.6
19,52,9,3,1,0,46.6
19,53,6,3,1,0,46.6
19,59,12,3,1,0,46.6
19,60,15,3,1,0,46.6
19,63,18,3,1,0,46.6
19,68,21,3,1,0,46.6
19,69,24,3,1,0,46.6
19,73,30,3,1,0,46.6
19,75,27,3,1,0,46.6
19,77,33,3,1,0,46.6
19,85,39,3,1,0,46.6
19,87,36,3,1,0,46.6
19,88,48,3,1,0,46.6
19,90,42,3,1,0,46.6
19,93,45,3,1,0,46.6
19,96,51,3,1,0,46.6
19,97,54,3,1,0,46.6
19,99,57,3,1,0,46.6
20,0,6,3,0,1,46.6
20,3,33,3,0,2,46.6
20,5,21,3,0,1,46.6
20,8,36,3,0,1,46.6
20,9,72,3,0,2,46.6
20,10,9,3,0,2,46.6
20,11,30,3,0,1,46.6
20,13,66,3,0,2,46.6
20,15,42,3,0,3,46.6
20,17,12,3,0,1,46.6
20,18,45,3,0,1,46.6
20,19,69,3,0,1,46.6
20,21,15,3,0,0,46.6
20,22,57,3,0,0,46.6
20,23,75,3,0,0,46.6
20,24,54,3,0,1,46.6
20,25,0,3,1,0,46.6
20,26,6,3,1,0,46.6
20,27,3,3,1,0,46.6
20,28,9,3,1,0,46.6
20,29,12,3,1,0,46.6
20,31,15,3,1,0,46.6
20,32,18,3,1,0,46.6
20,33,21,3,1,0,46.6
20,34,24,3,1,0,46.6
20,36,27,3,1,0,46.6
20,37,30,3,1,0,46.6
20,38,33,3,1,0,46.6
20,39,39,3,1,0,46.6
20,40,36,3,1,0,46.6
20,41,42,3,1,0,46.6
20,42,45,3,1,0,46.6
20,43,48,3,1,0,46.6
20,44,51,3,1,0,46.6
20,45,54,3,1,0,46.6
20,46,60,3,1,0,46.6
20,47,57,3,1,0,46.6
20,48,63,3,1,0,46.6
20,50,66,3,1,0,46.6
20,51,72,3,1,0,46.6
20,53,69,3,1,0,46.6
20,54,75,3,1,0,46.6
20,55,0,3,2,0,46.6
20,56,3,3,2,0,46.6
20,59,9,3,2,0,46.6
20,60,6,3,2,0,46.6
20,61,12,3,2,0,46.6
20,62,15,3,2,0,46.6
20,63,24,3,2,0,46.6
20,64,21,3,2,0,46.6
20,66,18,3,2,0,46.6
20,67,27,3,2,0,46.6
20,69,30,3,2,0,46.6
20,70,33,3,2,0,46.6
20,71,36,3,2,0,46.6
20,73,39,3,2,0,46.6
20,75,42,3,2,0,46.6
20,76,45,3,2,0,46.6
20,77,48,3,2,0,46.6
20,78,54,3,2,0,46.6
20,79,51,3,2,0,46.6
20,82,57,3,2,0,46.6
20,83,63,3,2,0,46.6
20,85,60,3,2,0,46.6
20,86,69,3,2,0,46.6
20,88,72,3,2,0,46.6
20,89,66,3,2,0,46.6
20,91,75,3,2,1,46.6
20,92,3,3,3,0,46.6
20,93,6,3,3,0,46.6
20,94,9,3,3,0,46.6
20,96,0,3,3,0,46.6
20,98,15,3,3,0,46.6
20,99,12,3,3,0,46.6
21,0,9,3,0,1,46.6
21,4,54,3,0,2,46.6
21,5,33,3,0,1,46.6
21,6,12,3,0,2,46.6
21,9,75,3,0,2,46.6
21,12,24,3,0,3,46.6
21,13,69,3,0,2,46.6
21,15,57,3,0,3,46.6
21,16,60,3,0,1,46.6
21,19,63,3,0,1,46.6
21,20,21,3,0,3,46.6
21,22,72,3,0,0,46.6
21,25,39,3,0,0,46.6
21,26,42,3,0,0,46.6
21,28,66,3,0,0,46.6
21,31,0,3,1,0,46.6
21,32,3,3,1,0,46.6
21,35,6,3,1,0,46.6
21,38,15,3,1,0,46.6
21,40,9,3,1,0,46.6
21,42,12,3,1,0,46.6
21,43,27,3,1,0,46.6
21,44,18,3,1,0,46.6
21,51,21,3,1,0,46.6
21,52,24,3,1,0,46.6
21,53,36,3,1,0,46.6
21,54,30,3,1,0,46.6
21,56,33,3,1,0,46.6
21,58,39,3,1,0,46.6
21,60,42,3,1,0,46.6
21,61,48,3,1,0,46.6
21,62,45,3,1,0,46.6
21,64,51,3,1,0,46.6
21,65,57,3,1,0,46.6
21,66,54,3,1,0,46.6
21,67,60,3,1,0,46.6
21,68,63,3,1,0,46.6
21,69,66,3,1,0,46.6
21,70,72,3,1,0,46.6
21,71,69,3,1,0,46.6
21,72,75,3,1,0,46.6
21,74,3,3,2,0,46.6
21,76,6,3,2,0,46.6
21,78,0,3,2,0,46.6
21,82,9,3,2,0,46.6
21,83,12,3,2,0,46.6
21,84,15,3,2,0,46.6
21,85,18,3,2,0,46.6
21,86,21,3,2,0,46.6
21,87,30,3,2,0,46.6
21,89,27,3,2,0,46.6
21,90,24,3,2,0,46.6
21,92,36,3,2,0,46.6
21,93,33,3,2,0,46.6
21,94,39,3,2,0,46.6
21,96,42,3,2,0,46.6
21,97,45,3,2,0,46.6
21,98,54,3,2,0,46.6
22,0,12,3,0,1,46.6
22,6,15,3,0,2,46.6
22,12,27,3,0,3,46.6
22,18,51,3,0,1,46.6
22,19,60,3,0,1,46.6
22,28,21,3,0,0,46.6
22,29,9,3,0,0,46.6
22,30,3,3,0,0,46.6
22,34,18,3,0,0,46.6
22,40,45,3,0,0,46.6
22,41,63,3,0,0,46.6
22,44,69,3,0,0,46.6
22,47,24,3,0,0,46.6
22,53,75,3,0,0,46.6
22,56,30,3,0,0,46.6
22,57,3,3,1,0,46.6
22,59,0,3,1,0,46.6
22,61,6,3,1,0,46.6
22,64,9,3,1,0,46.6
22,65,15,3,1,0,46.6
22,66,12,3,1,0,46.6
22,67,30,3,1,0,46.6
22,71,18,3,1,0,46.6
22,78,24,3,1,0,46.6
22,81,21,3,1,0,46.6
22,84,27,3,1,0,46.6
22,87,33,3,1,0,46.6
22,88,36,3,1,0,46.6
22,94,45,3,1,0,46.6
22,99,42,3,1,0,46.6
23,0,15,3,0,1,46.6
23,2,27,3,0,3,46.6
23,3,36,3,0,2,46.6
23,5,30,3,0,1,46.6
23,6,18,3,0,2,46.6
23,7,12,3,0,1,46.6
23,8,42,3,0,1,46.6
23,9,0,3,0,3,46.6
23,10,33,3,0,2,46.6
23,11,60,3,0,1,46.6
23,12,48,3,0,3,46.6
23,14,57,3,0,1,46.6
23,18,66,3,0,1,46.6
23,20,72,3,0,3,46.6
23,22,3,3,0,2,46.6
23,24,6,3,1,0,46.6
23,26,9,3,1,0,46.6
23,27,0,3,1,0,46.6
23,30,12,3,1,0,46.6
23,31,3,3,1,0,46.6
23,32,15,3,1,0,46.6
23,34,21,3,1,0,46.6
23,35,27,3,1,0,46.6
23,39,18,3,1,0,46.6
23,40,42,3,1,0,46.6
23,41,33,3,1,0,46.6
23,42,30,3,1,0,46.6
23,49,24,3,1,0,46.6
23,51,36,3,1,0,46.6
23,53,39,3,1,0,46.6
23,54,45,3,1,0,46.6
23,56,51,3,1,0,46.6
23,60,54,3,1,0,46.6
23,61,63,3,1,0,46.6
23,62,57,3,1,0,46.6
23,63,48,3,1,0,46.6
23,64,69,3,1,0,46.6
23,67,66,3,1,0,46.6
23,71,60,3,1,0,46.6
23,72,72,3,1,0,46.6
23,73,75,3,1,1,46.6
23,74,9,3,2,0,46.6
23,75,0,3,2,0,46.6
23,76,3,3,2,0,46.6
23,77,15,3,2,0,46.6
23,78,12,3,2,0,46.6
23,79,6,3,2,0,46.6
23,80,21,3,2,0,46.6
23,82,24,3,2,0,46.6
23,85,27,3,2,0,46.6
23,86,18,3,2,0,46.6
23,87,45,3,2,0,46.6
23,90,36,3,2,0,46.6
23,91,30,3,2,0,46.6
23,93,42,3,2,0,46.6
23,94,33,3,2,0,46.6
23,95,39,3,2,0,46.6
23,96,57,3,2,0,46.6
23,98,60,3,2,0,46.6
23,99,48,3,2,0,46.6
24,0,18,3,0,1,46.6
24,1,30,3,0,3,46.6
24,3,27,3,0,2,46.6
24,4,60,3,0,2,46.6
24,5,45,3,0,1,46.6
24,6,21,3,0,2,46.6
24,8,51,3,0,1,46.6
24,9,9,3,0,3,46.6
24,10,24,3,0,2,46.6
24,11,63,3,0,1,46.6
24,13,72,3,0,2,46.6
24,16,69,3,0,1,46.6
24,17,75,3,0,1,46.6
24,19,12,3,0,2,46.6
24,20,15,3,0,4,46.6
24,21,48,3,1,2,46.6
24,22,39,3,1,1,46.6
24,23,51,3,1,2,46.6
24,27,6,3,1,0,46.6
24,28,12,3,1,0,46.6
24,29,0,3,1,0,46.6
24,30,15,3,1,0,46.6
24,31,9,3,1,0,46.6
24,32,21,3,1,0,46.6
24,33,18,3,1,0,46.6
24,34,3,3,1,0,46.6
24,35,30,3,1,0,46.6
24,36,24,3,1,0,46.6
24,37,27,3,1,0,46.6
24,38,36,3,1,0,46.6
24,39,33,3,1,0,46.6
24,40,57,3,1,0,46.6
24,41,45,3,1,0,46.6
24,42,42,3,1,0,46.6
24,43,63,3,1,0,46.6
24,44,60,3,1,0,46.6
24,45,66,3,1,0,46.6
24,46,69,3,1,0,46.6
24,47,72,3,1,0,46.6
24,48,75,3,1,0,46.6
24,49,0,3,2,0,46.6
24,50,6,3,2,0,46.6
24,51,9,3,2,0,46.6
24,53,15,3,2,0,46.6
24,54,3,3,2,0,46.6
24,55,12,3,2,0,46.6
24,56,18,3,2,0,46.6
24,57,21,3,2,0,46.6
24,58,24,3,2,0,46.6
24,59,27,3,2,0,46.6
24,60,30,3,2,0,46.6
24,61,33,3,2,0,46.6
24,62,36,3,2,0,46.6
24,63,39,3,2,0,46.6
24,64,45,3,2,0,46.6
24,66,42,3,2,0,46.6
24,67,48,3,2,0,46.6
24,68,54,3,2,0,46.6
24,69,51,3,2,0,46.6
24,72,57,3,2,0,46.6
24,73,60,3,2,0,46.6
24,74,63,3,2,0,46.6
24,75,66,3,2,0,46.6
24,76,69,3,2,0,46.6
24,77,72,3,2,0,46.6
24,79,75,3,2,0,46.6
24,81,0,3,3,0,46.6
24,82,3,3,3,0,46.6
24,85,6,3,3,0,46.6
24,88,9,3,3,0,46.6
24,90,12,3,3,0,46.6
24,91,15,3,3,0,46.6
24,92,21,3,3,0,46.6
24,93,18,3,3,0,46.6
24,94,24,3,3,0,46.6
24,95,27,3,3,0,46.6
24,96,30,3,3,0,46.6
24,97,33,3,3,0,46.6
24,98,36,3,3,0,46.6
25,0,21,3,0,1,46.6
25,1,33,3,0,3,46.6
25,2,30,3,0,3,46.6
25,3,54,3,0,2,46.6
25,4,57,3,0,2,46.6
25,5,27,3,0,1,46.6
25,6,63,3,0,2,46.6
25,7,9,3,0,1,46.6
25,8,66,3,0,1,46.6
25,9,3,3,0,3,46.6
25,11,72,3,0,1,46.6
25,12,75,3,0,3,46.6
25,13,15,3,0,3,46.6
25,15,18,3,0,4,46.6
25,16,57,3,1,1,46.6
25,17,21,3,1,1,46.6
25,18,42,3,1,1,46.6
25,19,66,3,1,1,46.6
25,20,18,3,1,3,46.6
25,21,51,3,1,2,46.6
25,22,48,3,1,1,46.6
25,23,54,3,1,2,46.6
25,24,39,3,1,3,46.6
25,26,12,3,1,0,46.6
25,27,9,3,1,0,46.6
25,29,6,3,1,0,46.6
25,30,0,3,1,0,46.6
25,31,27,3,1,0,46.6
25,32,24,3,1,0,46.6
25,38,3,3,1,0,46.6
25,39,15,3,1,0,46.6
25,40,60,3,1,0,46.6
25,41,36,3,1,0,46.6
25,43,30,3,1,0,46.6
25,44,33,3,1,0,46.6
25,45,45,3,1,0,46.6
25,47,69,3,1,0,46.6
25,48,72,3,1,0,46.6
25,49,63,3,1,0,46.6
25,50,75,3,1,0,46.6
25,51,0,3,2,0,46.6
25,53,18,3,2,0,46.6
25,54,6,3,2,0,46.6
25,55,3,3,2,0,46.6
25,57,12,3,2,0,46.6
25,58,9,3,2,0,46.6
25,60,21,3,2,0,46.6
25,61,15,3,2,0,46.6
25,63,33,3,2,0,46.6
25,64,24,3,2,0,46.6
25,65,27,3,2,0,46.6
25,66,30,3,2,0,46.6
25,67,42,3,2,0,46.6
25,68,36,3,2,0,46.6
25,69,39,3,2,0,46.6
25,72,45,3,2,0,46.6
25,75,54,3,2,0,46.6
25,77,51,3,2,0,46.6
25,79,57,3,2,0,46.6
25,80,48,3,2,0,46.6
25,81,60,3,2,0,46.6
25,82,63,3,2,0,46.6
25,85,66,3,2,0,46.6
25,88,69,3,2,0,46.6
25,89,72,3,2,0,46.6
25,90,75,3,2,0,46.6
25,91,0,3,3,0,46.6
25,93,9,3,3,0,46.6
25,95,6,3,3,0,46.6
25,97,3,3,3,0,46.6
25,98,18,3,3,0,46.6
25,99,21,3,3,0,46.6
26,3,51,3,0,2,46.6
26,17,24,3,0,1,46.6
26,19,75,3,0,1,46.6
26,29,18,3,0,0,46.6
26,46,36,3,0,0,46.6
26,48,27,3,0,0,46.6
26,51,30,3,0,0,46.6
26,53,66,3,0,0,46.6
26,55,54,3,0,0,46.6
26,66,60,3,0,0,46.6
26,82,69,3,0,0,46.6
26,96,3,3,1,0,46.6
26,98,0,3,1,0,46.6
27,0,24,3,0,1,46.6
27,2,36,3,0,3,46.6
27,3,39,3,0,2,46.6
27,4,63,3,0,2,46.6
27,5,48,3,0,1,46.6
27,8,60,3,0,1,46.6
27,11,33,3,0,1,46.6
27,12,30,3,0,3,46.6
27,14,12,3,0,1,46.6
27,15,51,3,0,3,46.6
27,17,54,3,0,1,46.6
27,18,69,3,0,1,46.6
27,19,72,3,0,1,46.6
27,20,18,3,0,4,46.6
27,21,57,3,1,2,46.6
27,22,51,3,1,1,46.6
27,23,63,3,1,2,46.6
27,26,6,3,1,1,46.6
27,28,15,3,1,0,46.6
27,30,18,3,1,0,46.6
27,31,12,3,1,0,46.6
27,32,33,3,1,0,46.6
27,34,9,3,1,0,46.6
27,35,39,3,1,0,46.6
27,36,30,3,1,0,46.6
27,37,0,3,1,0,46.6
27,40,3,3,1,0,46.6
27,41,54,3,1,0,46.6
27,42,21,3,1,0,46.6
27,46,24,3,1,0,46.6
27,47,27,3,1,0,46.6
27,48,36,3,1,0,46.6
27,52,45,3,1,0,46.6
27,54,42,3,1,0,46.6
27,55,72,3,1,0,46.6
27,56,66,3,1,0,46.6
27,57,48,3,1,0,46.6
27,58,69,3,1,0,46.6
27,59,60,3,1,0,46.6
27,60,75,3,1,0,46.6
27,61,0,3,2,0,46.6
27,62,3,3,2,0,46.6
27,63,6,3,2,0,46.6
27,65,9,3,2,0,46.6
27,66,21,3,2,0,46.6
27,68,12,3,2,0,46.6
27,69,15,3,2,0,46.6
27,70,18,3,2,0,46.6
27,71,24,3,2,0,46.6
27,75,36,3,2,0,46.6
27,76,27,3,2,0,46.6
27,77,30,3,2,0,46.6
27,78,33,3,2,0,46.6
27,79,39,3,2,0,46.6
27,80,45,3,2,0,46.6
27,81,42,3,2,0,46.6
27,83,51,3,2,0,46.6
27,84,48,3,2,0,46.6
27,87,57,3,2,0,46.6
27,88,54,3,2,0,46.6
27,89,75,3,2,0,46.6
27,90,72,3,2,0,46.6
27,91,60,3,2,0,46.6
27,92,63,3,2,0,46.6
27,93,66,3,2,0,46.6
27,95,69,3,2,1,46.6
27,97,18,3,3,0,46.6
27,98,6,3,3,0,46.6
27,99,3,3,3,0,46.6
28,2,24,3,0,3,46.6
28,4,72,3,0,2,46.6
28,6,27,3,0,2,46.6
28,7,30,3,0,1,46.6
28,8,57,3,0,1,46.6
28,10,36,3,0,2,46.6
28,13,75,3,0,2,46.6
28,14,33,3,0,1,46.6
28,16,63,3,0,1,46.6
28,17,39,3,0,1,46.6
28,19,45,3,0,2,46.6
28,21,48,3,0,3,46.6
28,23,51,3,0,3,46.6
28,25,12,3,1,3,46.6
28,26,9,3,1,1,46.6
28,29,15,3,1,0,46.6
28,30,24,3,1,0,46.6
28,31,18,3,1,0,46.6
28,35,42,3,1,0,46.6
28,37,3,3,1,0,46.6
28,38,0,3,1,0,46.6
28,39,6,3,1,0,46.6
28,40,21,3,1,0,46.6
28,41,39,3,1,0,46.6
28,43,45,3,1,0,46.6
28,45,30,3,1,0,46.6
28,47,48,3,1,0,46.6
28,48,51,3,1,0,46.6
28,49,27,3,1,0,46.6
28,51,33,3,1,0,46.6
28,52,36,3,1,0,46.6
28,53,72,3,1,0,46.6
28,54,54,3,1,0,46.6
28,56,57,3,1,0,46.6
28,58,60,3,1,1,46.6
28,59,63,3,1,0,46.6
28,60,69,3,1,0,46.6
28,62,75,3,1,0,46.6
28,63,66,3,1,1,46.6
28,64,0,3,2,0,46.6
28,65,3,3,2,0,46.6
28,66,6,3,2,0,46.6
28,71,9,3,2,0,46.6
28,72,21,3,2,0,46.6
28,73,15,3,2,0,46.6
28,74,12,3,2,0,46.6
28,75,18,3,2,0,46.6
28,76,30,3,2,0,46.6
28,77,24,3,2,0,46.6
28,78,36,3,2,0,46.6
28,80,39,3,2,0,46.6
28,81,27,3,2,0,46.6
28,82,33,3,2,0,46.6
28,83,45,3,2,0,46.6
28,91,42,3,2,0,46.6
28,93,48,3,2,0,46.6
28,95,54,3,2,0,46.6
28,97,51,3,2,0,46.6
28,98,57,3,2,0,46.6
28,99,63,3,2,0,46.6
29,7,21,3,0,1,46.6
29,8,69,3,0,1,46.6
29,10,27,3,0,2,46.6
29,17,30,3,0,1,46.6
29,18,48,3,0,1,46.6
29,21,66,3,0,2,46.6
29,22,54,3,0,1,46.6
29,25,24,3,0,3,46.6
29,26,33,3,0,1,46.6
29,27,36,3,0,3,46.6
29,28,75,3,0,2,46.6
29,37,39,3,0,0,46.6
29,39,42,3,0,0,46.6
29,45,57,3,0,1,46.6
29,49,3,3,1,0,46.6
29,50,9,3,1,0,46.6
29,59,18,3,1,0,46.6
29,78,30,3,1,0,46.6
29,79,0,3,1,0,46.6
29,80,12,3,1,0,46.6
29,93,21,3,1,0,46.6
29,94,15,3,1,0,46.6
30,4,69,3,0,2,46.6
30,17,27,3,0,1,46.6
30,20,30,3,0,3,46.6
30,31,33,3,0,0,46.6
30,36,36,3,0,0,46.6
30,37,54,3,0,0,46.6
30,38,57,3,0,0,46.6
30,41,51,3,0,0,46.6
30,42,60,3,0,0,46.6
30,43,42,3,0,1,46.6
30,52,45,3,0,1,46.6
30,53,72,3,0,1,46.6
30,61,9,3,1,0,46.6
30,67,3,3,1,0,46.6
30,69,0,3,1,0,46.6
30,77,27,3,1,0,46.6
30,79,12,3,1,0,46.6
30,88,6,3,1,0,46.6
30,98,21,3,1,0,46.6
31,3,57,3,0,2,46.6
31,4,66,3,0,2,46.6
31,7,36,3,0,1,46.6
31,12,39,3,0,3,46.6
31,13,21,3,0,3,46.6
31,15,60,3,0,3,46.6
31,19,30,3,0,2,46.6
31,20,45,3,0,3,46.6
31,22,63,3,0,1,46.6
31,24,72,3,0,3,46.6
31,25,75,3,0,3,46.6
31,28,60,3,1,2,46.6
31,30,15,3,1,1,46.6
31,32,6,3,1,0,46.6
31,33,0,3,1,0,46.6
31,34,12,3,1,0,46.6
31,35,9,3,1,0,46.6
31,39,3,3,1,0,46.6
31,40,18,3,1,0,46.6
31,41,57,3,1,0,46.6
31,43,39,3,1,0,46.6
31,45,21,3,1,0,46.6
31,49,30,3,1,0,46.6
31,50,24,3,1,0,46.6
31,53,27,3,1,0,46.6
31,54,33,3,1,0,46.6
31,56,45,3,1,0,46.6
31,58,36,3,1,0,46.6
31,59,42,3,1,0,46.6
31,61,54,3,1,0,46.6
31,62,51,3,1,0,46.6
31,64,48,3,1,0,46.6
31,65,63,3,1,0,46.6
31,66,69,3,1,0,46.6
31,69,75,3,1,0,46.6
31,70,66,3,1,0,46.6
31,71,72,3,1,1,46.6
31,75,6,3,2,0,46.6
31,77,0,3,2,0,46.6
31,78,3,3,2,0,46.6
31,80,9,3,2,0,46.6
31,81,12,3,2,0,46.6
31,82,15,3,2,0,46.6
31,83,18,3,2,0,46.6
31,86,30,3,2,0,46.6
31,87,21,3,2,0,46.6
31,90,27,3,2,0,46.6
31,91,24,3,2,0,46.6
31,92,39,3,2,0,46.6
31,93,51,3,2,0,46.6
31,96,33,3,2,0,46.6
31,97,36,3,2,0,46.6
31,98,42,3,2,0,46.6
32,0,36,3,0,1,46.6
32,1,39,3,0,3,46.6
32,2,42,3,0,3,46.6
32,3,60,3,0,2,46.6
32,4,75,3,0,2,46.6
32,5,63,3,0,1,46.6
32,6,45,3,0,2,46.6
32,9,69,3,0,3,46.6
32,10,18,3,1,2,46.6
32,11,27,3,1,1,46.6
32,12,33,3,1,3,46.6
32,14,9,3,1,1,46.6
32,17,36,3,1,1,46.6
32,18,54,3,1,1,46.6
32,19,0,3,1,2,46.6
32,20,24,3,1,3,46.6
32,22,57,3,1,1,46.6
32,23,66,3,1,2,46.6
32,25,15,3,1,3,46.6
32,26,12,3,1,1,46.6
32,29,6,3,1,1,46.6
32,31,45,3,1,2,46.6
32,33,39,3,1,0,46.6
32,34,30,3,1,0,46.6
32,35,51,3,1,0,46.6
32,36,42,3,1,0,46.6
32,37,48,3,1,0,46.6
32,39,21,3,1,0,46.6
32,40,63,3,1,0,46.6
32,41,60,3,1,0,46.6
32,43,3,3,1,0,46.6
32,46,72,3,1,0,46.6
32,48,69,3,1,0,46.6
32,50,75,3,1,1,46.6
32,52,3,3,2,0,46.6
32,53,0,3,2,0,46.6
32,54,9,3,2,0,46.6
32,55,18,3,2,0,46.6
32,56,6,3,2,0,46.6
32,57,15,3,2,0,46.6
32,58,21,3,2,0,46.6
32,60,12,3,2,0,46.6
32,61,27,3,2,0,46.6
32,62,30,3,2,0,46.6
32,63,36,3,2,0,46.6
32,64,33,3,2,0,46.6
32,65,24,3,2,0,46.6
32,68,39,3,2,0,46.6
32,70,45,3,2,0,46.6
32,71,42,3,2,0,46.6
32,72,54,3,2,0,46.6
32,73,48,3,2,0,46.6
32,74,57,3,2,0,46.6
32,76,51,3,2,0,46.6
32,78,60,3,2,0,46.6
32,79,63,3,2,0,46.6
32,80,69,3,2,0,46.6
32,81,66,3,2,0,46.6
32,82,72,3,2,0,46.6
32,83,75,3,2,1,46.6
32,85,0,3,3,0,46.6
32,86,9,3,3,0,46.6
32,87,12,3,3,0,46.6
32,88,3,3,3,0,46.6
32,89,6,3,3,0,46.6
32,90,18,3,3,0,46.6
32,91,27,3,3,0,46.6
32,93,24,3,3,0,46.6
32,94,36,3,3,0,46.6
32,96,15,3,3,0,46.6
32,97,21,3,3,0,46.6
32,99,30,3,3,0,46.6
33,0,27,3,0,1,46.6
33,2,45,3,0,3,46.6
33,9,6,3,0,3,46.6
33,13,9,3,0,3,46.6
33,18,63,3,0,1,46.6
33,19,15,3,0,2,46.6
33,21,72,3,0,2,46.6
33,24,42,3,0,3,46.6
33,28,66,3,0,2,46.6
33,30,24,3,0,1,46.6
33,34,36,3,0,0,46.6
33,42,75,3,0,0,46.6
33,43,51,3,0,0,46.6
33,45,33,3,0,0,46.6
33,47,0,3,1,0,46.6
33,50,12,3,1,0,46.6
33,55,9,3,1,0,46.6
33,62,21,3,1,0,46.6
33,65,6,3,1,0,46.6
33,66,24,3,1,0,46.6
33,69,18,3,1,0,46.6
33,72,27,3,1,0,46.6
33,73,33,3,1,0,46.6
33,77,36,3,1,0,46.6
33,80,3,3,1,0,46.6
33,86,15,3,1,0,46.6
33,87,48,3,1,0,46.6
33,89,30,3,1,0,46.6
33,96,60,3,1,0,46.6
33,97,39,3,1,0,46.6
34,0,39,3,0,1,46.6
34,1,42,3,0,3,46.6
34,2,48,3,0,3,46.6
34,5,60,3,0,1,46.6
34,6,51,3,0,2,46.6
34,8,72,3,0,1,46.6
34,10,45,3,0,2,46.6
34,12,66,3,0,3,46.6
34,14,27,3,0,1,46.6
34,16,6,3,0,2,46.6
34,18,15,3,0,2,46.6
34,19,69,3,0,2,46.6
34,20,27,3,1,3,46.6
34,22,60,3,1,1,46.6
34,23,69,3,1,2,46.6
34,24,45,3,1,3,46.6
34,25,30,3,1,3,46.6
34,26,15,3,1,1,46.6
34,28,72,3,1,2,46.6
34,29,24,3,1,1,46.6
34,33,42,3,1,1,46.6
34,35,12,3,1,0,46.6
34,36,6,3,1,0,46.6
34,37,33,3,1,0,46.6
34,38,18,3,1,0,46.6
34,40,66,3,1,0,46.6
34,41,0,3,1,0,46.6
34,43,3,3,1,1,46.6
34,44,9,3,1,0,46.6
34,46,21,3,1,0,46.6
34,47,51,3,1,0,46.6
34,48,39,3,1,0,46.6
34,49,57,3,1,0,46.6
34,50,54,3,1,0,46.6
34,51,36,3,1,1,46.6
34,53,48,3,1,0,46.6
34,54,63,3,1,0,46.6
34,56,0,3,2,0,46.6
34,57,6,3,2,0,46.6
34,58,15,3,2,0,46.6
34,59,3,3,2,0,46.6
34,61,18,3,2,0,46.6
34,62,9,3,2,0,46.6
34,63,12,3,2,0,46.6
34,64,36,3,2,0,46.6
34,67,45,3,2,0,46.6
34,68,24,3,2,0,46.6
34,69,21,3,2,0,46.6
34,70,27,3,2,0,46.6
34,71,33,3,2,0,46.6
34,73,51,3,2,0,46.6
34,76,39,3,2,0,46.6
34,77,57,3,2,0,46.6
34,78,42,3,2,0,46.6
34,81,48,3,2,0,46.6
34,82,30,3,2,0,46.6
34,83,72,3,2,0,46.6
34,84,54,3,2,0,46.6
34,85,63,3,2,0,46.6
34,86,75,3,2,0,46.6
34,87,69,3,2,0,46.6
34,89,60,3,2,1,46.6
34,91,66,3,2,0,46.6
34,93,12,3,3,0,46.6
34,94,3,3,3,0,46.6
34,97,24,3,3,0,46.6
34,99,18,3,3,0,46.6
35,2,54,3,0,3,46.6
35,3,66,3,0,2,46.6
35,4,69,3,0,3,46.6
35,7,72,3,0,1,46.6
35,9,75,3,0,3,46.6
35,10,21,3,1,2,46.6
35,22,66,3,1,1,46.6
35,23,72,3,1,2,46.6
35,24,48,3,1,3,46.6
35,25,27,3,1,3,46.6
35,27,0,3,1,3,46.6
35,31,54,3,1,2,46.6
35,32,33,3,1,3,46.6
35,33,45,3,1,1,46.6
35,34,6,3,1,3,46.6
35,36,9,3,1,0,46.6
35,37,12,3,1,0,46.6
35,48,3,3,1,0,46.6
35,57,30,3,1,0,46.6
35,58,18,3,1,0,46.6
35,59,24,3,1,0,46.6
35,60,36,3,1,0,46.6
35,61,39,3,1,0,46.6
35,64,15,3,1,0,46.6
35,65,42,3,1,0,46.6
35,66,51,3,1,0,46.6
35,72,60,3,1,0,46.6
35,81,69,3,1,0,46.6
35,82,75,3,1,0,46.6
35,84,57,3,1,1,46.6
35,90,63,3,1,1,46.6
35,91,3,3,2,0,46.6
35,92,6,3,2,0,46.6
35,93,30,3,2,0,46.6
35,94,12,3,2,0,46.6
35,95,0,3,2,0,46.6
35,97,42,3,2,0,46.6
35,99,24,3,2,0,46.6
36,7,33,3,0,1,46.6
36,15,48,3,0,3,46.6
36,20,54,3,0,3,46.6
36,27,12,3,0,3,46.6
36,45,63,3,0,0,46.6
36,46,45,3,0,0,46.6
36,47,75,3,0,0,46.6
36,60,72,3,0,0,46.6
36,73,57,3,0,1,46.6
36,76,69,3,0,1,46.6
36,83,0,3,1,0,46.6
36,87,15,3,1,0,46.6
36,90,9,3,1,0,46.6
36,94,27,3,1,0,46.6
37,1,57,3,0,3,46.6
37,2,60,3,0,3,46.6
37,10,72,3,0,2,46.6
37,12,24,3,0,4,46.6
37,17,75,3,0,2,46.6
37,18,57,3,1,1,46.6
37,21,60,3,1,2,46.6
37,22,69,3,1,1,46.6
37,24,51,3,1,3,46.6
37,26,18,3,1,1,46.6
37,27,9,3,1,3,46.6
37,29,27,3,1,1,46.6
37,36,3,3,1,1,46.6
37,40,75,3,1,0,46.6
37,41,6,3,1,0,46.6
37,42,0,3,1,0,46.6
37,43,12,3,1,0,46.6
37,44,15,3,1,0,46.6
37,47,42,3,1,0,46.6
37,49,21,3,1,0,46.6
37,51,24,3,1,0,46.6
37,53,30,3,1,1,46.6
37,55,33,3,1,0,46.6
37,57,36,3,1,0,46.6
37,59,39,3,1,0,46.6
37,61,72,3,1,0,46.6
37,63,45,3,1,0,46.6
37,66,48,3,1,0,46.6
37,67,63,3,1,0,46.6
37,68,54,3,1,1,46.6
37,73,66,3,1,0,46.6
37,74,15,3,2,0,46.6
37,76,12,3,2,0,46.6
37,77,45,3,2,0,46.6
37,79,3,3,2,0,46.6
37,81,6,3,2,0,46.6
37,87,51,3,2,0,46.6
37,88,0,3,2,0,46.6
37,90,21,3,2,0,46.6
37,91,18,3,2,0,46.6
37,92,9,3,2,0,46.6
37,93,54,3,2,0,46.6
37,95,30,3,2,0,46.6
37,99,27,3,2,0,46.6
38,0,30,3,0,1,46.6
38,2,39,3,0,3,46.6
38,3,48,3,0,2,46.6
38,4,54,3,0,3,46.6
38,7,69,3,0,1,46.6
38,8,75,3,0,1,46.6
38,10,30,3,1,2,46.6
38,11,36,3,1,1,46.6
38,12,42,3,1,3,46.6
38,13,0,3,1,3,46.6
38,14,21,3,1,1,46.6
38,15,54,3,1,3,46.6
38,16,66,3,1,1,46.6
38,18,60,3,1,1,46.6
38,19,3,3,1,2,46.6
38,20,33,3,1,3,46.6
38,21,63,3,1,2,46.6
38,22,72,3,1,1,46.6
38,23,75,3,1,2,46.6
38,24,57,3,1,3,46.6
38,25,39,3,1,3,46.6
38,26,24,3,1,1,46.6
38,27,15,3,1,3,46.6
38,28,69,3,1,2,46.6
38,31,48,3,1,2,46.6
38,32,45,3,1,3,46.6
38,33,51,3,1,1,46.6
38,37,6,3,1,3,46.6
38,40,27,3,1,0,46.6
38,41,9,3,1,0,46.6
38,42,12,3,1,1,46.6
38,43,18,3,1,1,46.6
38,44,3,3,2,0,46.6
38,45,0,3,2,0,46.6
38,46,9,3,2,0,46.6
38,47,12,3,2,0,46.6
38,48,6,3,2,0,46.6
38,49,15,3,2,0,46.6
38,50,18,3,2,0,46.6
38,52,21,3,2,0,46.6
38,53,24,3,2,0,46.6
38,54,27,3,2,0,46.6
38,56,39,3,2,0,46.6
38,57,33,3,2,0,46.6
38,58,30,3,2,0,46.6
38,59,36,3,2,0,46.6
38,60,45,3,2,0,46.6
38,61,42,3,2,0,46.6
38,62,72,3,2,0,46.6
38,63,51,3,2,0,46.6
38,64,54,3,2,0,46.6
38,67,48,3,2,1,46.6
38,68,60,3,2,0,46.6
38,72,63,3,2,0,46.6
38,73,66,3,2,1,46.6
38,77,69,3,2,0,46.6
38,79,57,3,2,1,46.6
38,80,75,3,2,0,46.6
38,81,3,3,3,0,46.6
38,82,6,3,3,0,46.6
38,83,9,3,3,0,46.6
38,84,0,3,3,0,46.6
38,85,12,3,3,0,46.6
38,86,33,3,3,0,46.6
38,88,15,3,3,0,46.6
38,89,18,3,3,0,46.6
38,90,39,3,3,0,46.6
38,92,27,3,3,0,46.6
38,95,36,3,3,0,46.6
38,97,30,3,3,0,46.6
38,98,24,3,3,0,46.6
39,2,51,3,0,3,46.6
39,5,54,3,0,1,46.6
39,6,30,3,0,2,46.6
39,9,45,3,0,3,46.6
39,11,66,3,0,1,46.6
39,12,57,3,0,3,46.6
39,13,48,3,0,3,46.6
39,16,72,3,0,1,46.6
39,17,60,3,0,1,46.6
39,18,0,3,0,2,46.6
39,19,63,3,0,2,46.6
39,20,36,3,1,3,46.6
39,21,69,3,1,2,46.6
39,22,75,3,1,1,46.6
39,23,0,3,1,3,46.6
39,24,54,3,1,3,46.6
39,25,33,3,1,3,46.6
39,26,21,3,1,1,46.6
39,27,24,3,1,3,46.6
39,28,3,3,1,3,46.6
39,29,39,3,1,1,46.6
39,32,42,3,1,3,46.6
39,34,9,3,1,3,46.6
39,38,45,3,1,3,46.6
39,41,12,3,1,0,46.6
39,42,48,3,1,0,46.6
39,43,6,3,1,0,46.6
39,44,63,3,1,0,46.6
39,48,15,3,1,0,46.6
39,49,18,3,1,0,46.6
39,50,30,3,1,0,46.6
39,51,27,3,1,0,46.6
39,52,51,3,1,0,46.6
39,53,57,3,1,1,46.6
39,54,60,3,1,0,46.6
39,55,66,3,1,1,46.6
39,58,72,3,1,1,46.6
39,59,30,3,2,0,46.6
39,60,3,3,2,0,46.6
39,61,36,3,2,0,46.6
39,62,27,3,2,0,46.6
39,63,0,3,2,0,46.6
39,64,12,3,2,0,46.6
39,65,18,3,2,0,46.6
39,66,9,3,2,0,46.6
39,67,6,3,2,0,46.6
39,68,15,3,2,0,46.6
39,69,42,3,2,0,46.6
39,71,51,3,2,0,46.6
39,76,21,3,2,0,46.6
39,79,33,3,2,0,46.6
39,84,24,3,2,0,46.6
39,85,45,3,2,0,46.6
39,86,48,3,2,0,46.6
39,87,63,3,2,0,46.6
39,88,60,3,2,0,46.6
39,89,39,3,2,0,46.6
39,91,54,3,2,0,46.6
39,92,57,3,2,0,46.6
39,94,75,3,2,0,46.6
39,95,66,3,2,0,46.6
39,96,69,3,2,0,46.6
39,99,72,3,2,0,46.6
40,0,33,3,1,1,46.6
40,1,45,3,1,3,46.6
40,5,42,3,1,1,46.6
40,6,24,3,1,2,46.6
40,7,15,3,1,1,46.6
40,11,39,3,1,1,46.6
40,13,3,3,1,3,46.6
40,14,30,3,1,1,46.6
40,15,63,3,1,3,46.6
40,16,75,3,1,1,46.6
40,18,72,3,1,1,46.6
40,19,6,3,1,2,46.6
40,21,0,3,1,3,46.6
40,22,9,3,1,2,46.6
40,23,12,3,1,3,46.6
40,24,60,3,1,3,46.6
40,25,36,3,1,3,46.6
40,27,21,3,1,3,46.6
40,32,48,3,1,3,46.6
40,35,18,3,1,2,46.6
40,36,51,3,1,1,46.6
40,37,57,3,1,2,46.6
40,38,54,3,1,3,46.6
40,39,27,3,1,3,46.6
40,41,69,3,1,0,46.6
40,42,66,3,1,0,46.6
40,44,6,3,2,0,46.6
40,45,9,3,2,0,46.6
40,46,12,3,2,0,46.6
40,48,0,3,2,0,46.6
40,49,42,3,2,0,46.6
40,51,15,3,2,0,46.6
40,52,27,3,2,0,46.6
40,53,51,3,2,0,46.6
40,54,18,3,2,0,46.6
40,55,21,3,2,0,46.6
40,60,24,3,2,0,46.6
40,63,54,3,2,0,46.6
40,64,3,3,2,0,46.6
40,65,39,3,2,0,46.6
40,66,33,3,2,0,46.6
40,69,45,3,2,0,46.6
40,70,30,3,2,0,46.6
40,71,57,3,2,0,46.6
40,72,36,3,2,0,46.6
40,73,63,3,2,0,46.6
40,74,48,3,2,0,46.6
40,75,60,3,2,0,46.6
40,76,66,3,2,0,46.6
40,77,75,3,2,0,46.6
40,78,69,3,2,0,46.6
40,79,72,3,2,0,46.6
40,80,0,3,3,0,46.6
40,81,9,3,3,0,46.6
40,83,6,3,3,0,46.6
40,84,18,3,3,0,46.6
40,85,3,3,3,0,46.6
40,86,12,3,3,0,46.6
40,87,72,3,3,0,46.6
40,89,15,3,3,0,46.6
40,90,45,3,3,0,46.6
40,91,33,3,3,0,46.6
40,92,30,3,3,0,46.6
40,93,60,3,3,0,46.6
40,94,48,3,3,0,46.6
40,95,42,3,3,0,46.6
40,96,21,3,3,0,46.6
40,97,63,3,3,0,46.6
40,98,27,3,3,0,46.6
41,1,72,3,0,3,46.6
41,4,0,3,1,3,46.6
41,5,57,3,1,1,46.6
41,12,36,3,1,3,46.6
41,15,66,3,1,3,46.6
41,16,3,3,1,2,46.6
41,17,33,3,1,1,46.6
41,19,9,3,1,2,46.6
41,22,6,3,1,2,46.6
41,23,15,3,1,3,46.6
41,28,12,3,1,3,46.6
41,29,42,3,1,1,46.6
41,30,18,3,1,1,46.6
41,31,60,3,1,2,46.6
41,35,21,3,1,2,46.6
41,36,24,3,1,1,46.6
41,40,39,3,1,3,46.6
41,43,69,3,1,0,46.6
41,45,48,3,1,0,46.6
41,47,54,3,1,0,46.6
41,48,27,3,1,1,46.6
41,50,63,3,1,0,46.6
41,53,45,3,1,1,46.6
41,56,75,3,1,0,46.6
41,58,30,3,1,1,46.6
41,59,72,3,1,0,46.6
41,60,51,3,1,1,46.6
41,61,30,3,2,0,46.6
41,63,42,3,2,0,46.6
41,64,39,3,2,0,46.6
41,65,21,3,2,0,46.6
41,67,9,3,2,0,46.6
41,68,3,3,2,0,46.6
41,70,0,3,2,0,46.6
41,72,6,3,2,0,46.6
41,73,18,3,2,0,46.6
41,75,24,3,2,0,46.6
41,78,48,3,2,0,46.6
41,83,27,3,2,0,46.6
41,86,45,3,2,0,46.6
41,88,12,3,2,0,46.6
41,89,33,3,2,0,46.6
41,93,63,3,2,0,46.6
41,94,51,3,2,0,46.6
41,97,60,3,2,0,46.6
42,0,57,3,0,1,46.6
42,1,63,3,0,3,46.6
42,2,3,3,0,4,46.6
42,3,9,3,0,3,46.6
42,5,36,3,0,2,46.6
42,6,39,3,0,2,46.6
42,7,18,3,1,1,46.6
42,13,6,3,1,3,46.6
42,14,24,3,1,1,46.6
42,15,69,3,1,3,46.6
42,18,75,3,1,1,46.6
42,22,0,3,1,2,46.6
42,26,27,3,1,1,46.6
42,31,57,3,1,2,46.6
42,33,54,3,1,1,46.6
42,35,9,3,1,2,46.6
42,36,21,3,1,1,46.6
42,38,42,3,1,3,46.6
42,40,36,3,1,3,46.6
42,43,15,3,1,0,46.6
42,44,45,3,1,0,46.6
42,49,66,3,1,0,46.6
42,50,33,3,1,0,46.6
42,52,39,3,1,0,46.6
42,55,30,3,1,0,46.6
42,59,48,3,1,0,46.6
42,62,3,3,1,1,46.6
42,68,72,3,1,0,46.6
42,69,60,3,1,0,46.6
42,72,51,3,1,1,46.6
42,77,63,3,1,1,46.6
42,78,9,3,2,0,46.6
42,81,15,3,2,0,46.6
42,83,21,3,2,0,46.6
42,85,24,3,2,0,46.6
42,86,72,3,2,0,46.6
42,87,75,3,2,0,46.6
42,89,0,3,2,0,46.6
42,90,48,3,2,0,46.6
42,95,12,3,2,0,46.6
42,97,66,3,2,0,46.6
42,99,36,3,2,0,46.6
43,4,6,3,1,3,46.6
43,5,66,3,1,1,46.6
43,6,33,3,1,2,46.6
43,8,63,3,1,1,46.6
43,11,45,3,1,1,46.6
43,16,0,3,1,2,46.6
43,17,48,3,1,1,46.6
43,21,75,3,1,2,46.6
43,22,12,3,1,2,46.6
43,31,69,3,1,2,46.6
43,33,57,3,1,1,46.6
43,37,24,3,1,2,46.6
43,38,21,3,1,3,46.6
43,39,9,3,1,3,46.6
43,46,15,3,1,0,46.6
43,49,27,3,1,1,46.6
43,51,30,3,1,1,46.6
43,53,36,3,1,1,46.6
43,54,51,3,1,0,46.6
43,55,39,3,1,1,46.6
43,56,54,3,1,1,46.6
43,60,60,3,1,0,46.6
43,67,72,3,1,0,46.6
43,69,12,3,2,0,46.6
43,70,3,3,2,0,46.6
43,71,0,3,2,0,46.6
43,73,6,3,2,0,46.6
43,75,45,3,2,0,46.6
43,76,18,3,2,0,46.6
43,81,24,3,2,0,46.6
43,84,36,3,2,0,46.6
43,86,9,3,2,1,46.6
43,87,15,3,2,1,46.6
43,91,39,3,2,0,46.6
43,92,42,3,2,0,46.6
43,96,72,3,2,0,46.6
43,97,48,3,2,0,46.6
43,99,54,3,2,0,46.6
44,3,72,3,0,2,46.6
44,12,54,3,0,3,46.6
44,22,48,3,0,2,46.6
44,33,66,3,0,1,46.6
44,35,75,3,0,2,46.6
44,36,6,3,1,1,46.6
44,50,21,3,1,0,46.6
44,56,9,3,1,0,46.6
44,60,33,3,1,0,46.6
44,65,48,3,1,0,46.6
44,77,60,3,1,0,46.6
44,79,15,3,1,0,46.6
44,81,18,3,1,0,46.6
44,84,39,3,1,0,46.6
44,89,3,3,1,0,46.6
44,94,54,3,1,0,46.6
44,98,45,3,1,0,46.6
45,0,51,3,0,1,46.6
45,1,69,3,0,3,46.6
45,2,72,3,0,3,46.6
45,4,12,3,0,3,46.6
45,5,6,3,0,2,46.6
45,7,18,3,0,2,46.6
45,9,12,3,1,3,46.6
45,10,39,3,1,2,46.6
45,11,42,3,1,1,46.6
45,13,18,3,1,3,46.6
45,18,3,3,1,2,46.6
45,19,21,3,1,2,46.6
45,20,48,3,1,3,46.6
45,24,63,3,1,3,46.6
45,25,45,3,1,3,46.6
45,27,27,3,1,3,46.6
45,28,0,3,1,3,46.6
45,30,30,3,1,1,46.6
45,31,66,3,1,2,46.6
45,33,69,3,1,1,46.6
45,34,15,3,1,3,46.6
45,35,33,3,1,2,46.6
45,37,36,3,1,2,46.6
45,38,51,3,1,3,46.6
45,41,54,3,1,2,46.6
45,42,6,3,1,2,46.6
45,48,9,3,1,0,46.6
45,50,60,3,1,0,46.6
45,51,24,3,1,1,46.6
45,53,75,3,1,1,46.6
45,55,72,3,1,1,46.6
45,59,33,3,2,0,46.6
45,60,39,3,2,0,46.6
45,62,42,3,2,0,46.6
45,63,57,3,2,0,46.6
45,68,9,3,2,0,46.6
45,70,15,3,2,0,46.6
45,72,30,3,2,0,46.6
45,73,21,3,2,0,46.6
45,74,18,3,2,0,46.6
45,78,63,3,2,0,46.6
45,79,36,3,2,0,46.6
45,83,0,3,2,1,46.6
45,87,3,3,2,1,46.6
45,90,51,3,2,0,46.6
45,91,6,3,2,0,46.6
45,93,69,3,2,0,46.6
45,94,12,3,2,1,46.6
45,95,48,3,2,0,46.6
45,96,24,3,2,1,46.6
45,97,75,3,2,0,46.6
45,98,66,3,2,0,46.6
45,99,45,3,2,0,46.6
46,0,42,3,0,1,46.6
46,2,66,3,0,3,46.6
46,3,75,3,0,2,46.6
46,5,33,3,0,2,46.6
46,6,48,3,0,2,46.6
46,10,54,3,0,2,46.6
46,12,51,3,0,3,46.6
46,13,39,3,0,3,46.6
46,14,36,3,1,1,46.6
46,15,72,3,1,3,46.6
46,17,42,3,1,1,46.6
46,18,6,3,1,2,46.6
46,19,18,3,1,2,46.6
46,20,39,3,1,3,46.6
46,21,3,3,1,3,46.6
46,22,15,3,1,2,46.6
46,23,9,3,1,3,46.6
46,24,66,3,1,3,46.6
46,25,48,3,1,3,46.6
46,27,30,3,1,3,46.6
46,28,21,3,1,3,46.6
46,29,33,3,1,1,46.6
46,30,45,3,1,1,46.6
46,33,63,3,1,1,46.6
46,34,0,3,1,3,46.6
46,35,27,3,1,2,46.6
46,36,12,3,1,1,46.6
46,37,60,3,1,2,46.6
46,39,24,3,1,3,46.6
46,40,51,3,1,3,46.6
46,41,57,3,1,2,46.6
46,42,54,3,1,2,46.6
46,43,69,3,1,2,46.6
46,44,75,3,1,1,46.6
46,45,27,3,2,2,46.6
46,49,6,3,2,0,46.6
46,51,12,3,2,0,46.6
46,52,15,3,2,0,46.6
46,53,0,3,2,1,46.6
46,54,21,3,2,0,46.6
46,57,39,3,2,0,46.6
46,59,45,3,2,0,46.6
46,61,3,3,2,1,46.6
46,62,33,3,2,0,46.6
46,64,63,3,2,0,46.6
46,65,51,3,2,0,46.6
46,66,36,3,2,0,46.6
46,68,18,3,2,0,46.6
46,73,9,3,2,0,46.6
46,76,42,3,2,0,46.6
46,77,66,3,2,0,46.6
46,79,54,3,2,0,46.6
46,80,24,3,2,0,46.6
46,81,72,3,2,0,46.6
46,83,30,3,2,0,46.6
46,84,60,3,2,0,46.6
46,85,69,3,2,0,46.6
46,87,48,3,2,1,46.6
46,88,75,3,2,0,46.6
46,89,57,3,2,0,46.6
46,90,0,3,3,0,46.6
46,93,72,3,3,0,46.6
46,94,57,3,3,0,46.6
46,96,9,3,3,0,46.6
46,97,3,3,3,1,46.6
46,98,33,3,3,0,46.6
47,1,60,3,0,3,46.6
47,2,15,3,0,4,46.6
47,9,18,3,0,3,46.6
47,10,66,3,0,2,46.6
47,11,3,3,0,2,46.6
47,15,75,3,1,3,46.6
47,16,9,3,1,2,46.6
47,17,45,3,1,1,46.6
47,22,18,3,1,2,46.6
47,23,3,3,1,3,46.6
47,25,42,3,1,3,46.6
47,26,30,3,1,1,46.6
47,27,33,3,1,3,46.6
47,28,6,3,1,3,46.6
47,29,36,3,1,1,46.6
47,32,39,3,1,3,46.6
47,33,72,3,1,1,46.6
47,34,21,3,1,3,46.6
47,35,15,3,1,2,46.6
47,36,48,3,1,1,46.6
47,38,57,3,1,3,46.6
47,41,66,3,1,2,46.6
47,44,0,3,1,1,46.6
47,45,54,3,1,2,46.6
47,46,12,3,1,3,46.6
47,48,60,3,1,0,46.6
47,49,24,3,1,1,46.6
47,50,69,3,1,0,46.6
47,51,27,3,1,1,46.6
47,52,63,3,1,0,46.6
47,53,51,3,1,1,46.6
47,57,27,3,2,0,46.6
47,58,0,3,2,0,46.6
47,61,6,3,2,1,46.6
47,62,39,3,2,0,46.6
47,66,57,3,2,0,46.6
47,68,30,3,2,0,46.6
47,69,48,3,2,0,46.6
47,71,3,3,2,0,46.6
47,72,66,3,2,0,46.6
47,73,54,3,2,0,46.6
47,78,75,3,2,0,46.6
47,80,15,3,2,0,46.6
47,82,21,3,2,0,46.6
47,85,9,3,2,0,46.6
47,88,24,3,2,0,46.6
47,89,36,3,2,0,46.6
47,90,12,3,2,1,46.6
47,92,45,3,2,0,46.6
47,93,18,3,2,1,46.6
47,96,33,3,2,1,46.6
47,98,63,3,2,0,46.6
48,1,54,3,0,3,46.6
48,3,42,3,0,2,46.6
48,8,12,3,0,2,46.6
48,10,57,3,0,2,46.6
48,17,18,3,0,2,46.6
48,18,21,3,0,2,46.6
48,25,51,3,1,3,46.6
48,27,39,3,1,3,46.6
48,30,33,3,1,1,46.6
48,31,63,3,1,2,46.6
48,33,75,3,1,1,46.6
48,34,30,3,1,3,46.6
48,35,36,3,1,2,46.6
48,36,18,3,1,1,46.6
48,39,0,3,1,3,46.6
48,44,12,3,1,1,46.6
48,46,6,3,1,3,46.6
48,49,45,3,1,0,46.6
48,50,57,3,1,0,46.6
48,52,54,3,1,0,46.6
48,54,15,3,1,0,46.6
48,57,42,3,1,0,46.6
48,58,48,3,1,0,46.6
48,61,9,3,1,1,46.6
48,63,60,3,1,0,46.6
48,65,66,3,1,0,46.6
48,70,21,3,1,0,46.6
48,71,3,3,1,1,46.6
48,73,72,3,1,0,46.6
48,74,24,3,1,0,46.6
48,76,69,3,1,2,46.6
48,77,0,3,2,1,46.6
48,79,18,3,2,0,46.6
48,81,33,3,2,0,46.6
48,82,27,3,2,0,46.6
48,83,36,3,2,0,46.6
48,84,6,3,2,0,46.6
48,85,30,3,2,0,46.6
48,87,9,3,2,1,46.6
48,88,21,3,2,0,46.6
48,92,15,3,2,0,46.6
48,94,63,3,2,0,46.6
48,96,12,3,2,0,46.6
48,97,24,3,2,1,46.6
48,99,66,3,2,0,46.6
49,0,75,3,0,1,46.6
49,2,21,3,1,3,46.6
49,6,36,3,1,2,46.6
49,10,42,3,1,2,46.6
49,13,12,3,1,3,46.6
49,21,6,3,1,3,46.6
49,23,18,3,1,3,46.6
49,24,69,3,1,3,46.6
49,27,45,3,1,3,46.6
49,28,9,3,1,3,46.6
49,31,72,3,1,2,46.6
49,33,0,3,1,2,46.6
49,34,33,3,1,3,46.6
49,35,39,3,1,2,46.6
49,36,30,3,1,1,46.6
49,37,48,3,1,2,46.6
49,38,60,3,1,3,46.6
49,39,3,3,1,3,46.6
49,41,15,3,1,2,46.6
49,43,51,3,1,2,46.6
49,44,57,3,1,1,46.6
49,45,54,3,1,3,46.6
49,48,75,3,1,2,46.6
49,50,63,3,1,1,46.6
49,51,66,3,1,0,46.6
49,55,24,3,2,0,46.6
49,56,12,3,2,0,46.6
49,57,45,3,2,0,46.6
49,60,0,3,2,1,46.6
49,61,15,3,2,1,46.6
49,64,72,3,2,0,46.6
49,68,33,3,2,0,46.6
49,70,36,3,2,0,46.6
49,71,6,3,2,0,46.6
49,73,3,3,2,1,46.6
49,74,21,3,2,0,46.6
49,75,57,3,2,0,46.6
49,81,39,3,2,0,46.6
49,84,42,3,2,0,46.6
49,85,51,3,2,0,46.6
49,86,18,3,2,1,46.6
49,87,27,3,2,1,46.6
49,90,54,3,2,0,46.6
49,91,48,3,2,0,46.6
49,94,9,3,2,1,46.6
49,95,60,3,2,0,46.6
49,98,69,3,2,0,46.6
50,0,45,3,1,1,46.6
50,1,48,3,1,3,46.6
50,2,57,3,1,3,46.6
50,3,69,3,1,2,46.6
50,5,72,3,1,1,46.6
50,6,54,3,1,2,46.6
50,7,24,3,1,1,46.6
50,8,0,3,1,2,46.6
50,10,60,3,1,2,46.6
50,11,51,3,1,1,46.6
50,12,3,3,1,4,46.6
50,13,27,3,1,3,46.6
50,16,12,3,1,2,46.6
50,20,42,3,1,3,46.6
50,21,9,3,1,3,46.6
50,24,6,3,1,4,46.6
50,25,66,3,1,3,46.6
50,26,36,3,1,1,46.6
50,28,15,3,1,3,46.6
50,29,18,3,1,2,46.6
50,32,21,3,1,4,46.6
50,33,30,3,1,2,46.6
50,34,39,3,1,3,46.6
50,35,33,3,1,3,46.6
50,36,33,3,2,1,46.6
50,37,39,3,2,2,46.6
50,38,48,3,2,3,46.6
50,39,6,3,2,3,46.6
50,40,24,3,2,3,46.6
50,41,36,3,2,2,46.6
50,43,21,3,2,2,46.6
50,48,3,3,2,2,46.6
50,51,18,3,2,0,46.6
50,52,12,3,2,0,46.6
50,53,9,3,2,1,46.6
50,54,0,3,2,0,46.6
50,55,27,3,2,0,46.6
50,56,69,3,2,0,46.6
50,58,42,3,2,0,46.6
50,59,57,3,2,0,46.6
50,61,30,3,2,1,46.6
50,63,15,3,2,1,46.6
50,69,63,3,2,0,46.6
50,70,51,3,2,0,46.6
50,71,54,3,2,0,46.6
50,72,45,3,2,1,46.6
50,73,60,3,2,1,46.6
50,75,72,3,2,0,46.6
50,76,75,3,2,0,46.6
50,77,66,3,2,1,46.6
50,78,39,3,3,0,46.6
50,79,21,3,3,0,46.6
50,80,30,3,3,0,46.6
50,81,51,3,3,0,46.6
50,82,36,3,3,0,46.6
50,84,66,3,3,0,46.6
50,85,42,3,3,0,46.6
50,86,0,3,3,1,46.6
50,87,6,3,3,1,46.6
50,89,9,3,3,0,46.6
50,90,57,3,3,0,46.6
50,91,12,3,3,0,46.6
50,92,60,3,3,0,46.6
50,93,75,3,3,0,46.6
50,94,3,3,3,1,46.6
50,95,15,3,3,0,46.6
50,98,18,3,3,1,46.6
50,99,24,3,3,1,46.6
51,5,6,3,0,3,46.6
51,7,39,3,1,1,46.6
51,16,15,3,1,2,46.6
51,19,33,3,1,2,46.6
51,20,51,3,1,3,46.6
51,26,42,3,1,1,46.6
51,31,75,3,1,2,46.6
51,40,54,3,1,3,46.6
51,45,60,3,1,2,46.6
51,46,18,3,1,3,46.6
51,47,69,3,1,2,46.6
51,48,45,3,1,2,46.6
51,52,57,3,1,0,46.6
51,58,6,3,1,0,46.6
51,60,3,3,1,1,46.6
51,63,0,3,1,1,46.6
51,65,9,3,1,1,46.6
51,66,12,3,1,1,46.6
51,71,66,3,1,0,46.6
51,72,21,3,1,1,46.6
51,74,48,3,1,1,46.6
51,76,63,3,1,0,46.6
51,78,72,3,1,1,46.6
51,83,39,3,2,0,46.6
51,84,69,3,2,0,46.6
51,87,0,3,2,1,46.6
51,88,27,3,2,0,46.6
51,93,3,3,2,1,46.6
51,94,6,3,2,1,46.6
51,95,9,3,2,0,46.6
51,98,12,3,2,1,46.6
52,0,66,3,0,1,46.6
52,1,75,3,0,3,46.6
52,2,69,3,0,3,46.6
52,4,3,3,1,3,46.6
52,5,69,3,1,1,46.6
52,6,57,3,1,2,46.6
52,8,6,3,1,2,46.6
52,9,15,3,1,3,46.6
52,10,48,3,1,2,46.6
52,11,54,3,1,1,46.6
52,12,60,3,1,3,46.6
52,15,0,3,1,4,46.6
52,17,51,3,1,1,46.6
52,18,9,3,1,2,46.6
52,19,24,3,1,2,46.6
52,22,21,3,1,2,46.6
52,23,27,3,1,3,46.6
52,24,75,3,1,3,46.6
52,26,39,3,1,1,46.6
52,27,42,3,1,3,46.6
52,28,18,3,1,3,46.6
52,29,63,3,1,1,46.6
52,30,36,3,1,1,46.6
52,31,12,3,1,3,46.6
52,32,66,3,1,3,46.6
52,34,72,3,1,3,46.6
52,35,30,3,1,3,46.6
52,36,33,3,1,2,46.6
52,37,33,3,2,2,46.6
52,38,63,3,2,3,46.6
52,39,12,3,2,3,46.6
52,42,3,3,2,2,46.6
52,44,24,3,2,1,46.6
52,45,72,3,2,2,46.6
52,46,15,3,2,3,46.6
52,47,42,3,2,2,46.6
52,48,39,3,2,2,46.6
52,49,30,3,2,2,46.6
52,51,18,3,2,2,46.6
52,56,21,3,2,0,46.6
52,57,51,3,2,0,46.6
52,59,66,3,2,0,46.6
52,61,0,3,2,1,46.6
52,62,6,3,2,1,46.6
52,63,9,3,2,1,46.6
52,64,27,3,2,1,46.6
52,65,75,3,2,0,46.6
52,66,36,3,2,1,46.6
52,67,45,3,2,1,46.6
52,69,57,3,2,0,46.6
52,70,48,3,2,0,46.6
52,71,54,3,2,1,46.6
52,72,69,3,2,0,46.6
52,74,60,3,2,1,46.6
52,75,63,3,3,0,46.6
52,76,33,3,3,0,46.6
52,77,3,3,3,1,46.6
52,78,66,3,3,0,46.6
52,79,42,3,3,0,46.6
52,81,54,3,3,0,46.6
52,82,45,3,3,0,46.6
52,84,0,3,3,1,46.6
52,85,75,3,3,0,46.6
52,86,6,3,3,1,46.6
52,87,12,3,3,1,46.6
52,88,51,3,3,0,46.6
52,89,9,3,3,1,46.6
52,91,57,3,3,0,46.6
52,92,69,3,3,0,46.6
52,93,15,3,3,1,46.6
52,94,18,3,3,1,46.6
52,96,21,3,3,1,46.6
52,97,27,3,3,1,46.6
52,98,39,3,3,0,46.6
52,99,30,3,3,1,46.6
53,1,66,3,1,3,46.6
53,3,63,3,1,2,46.6
53,5,3,3,1,2,46.6
53,6,60,3,1,2,46.6
53,7,27,3,1,1,46.6
53,8,15,3,1,2,46.6
53,10,69,3,1,2,46.6
53,12,6,3,1,4,46.6
53,15,12,3,1,4,46.6
53,16,18,3,1,2,46.6
53,17,21,3,1,2,46.6
53,18,24,3,1,2,46.6
53,19,39,3,1,2,46.6
53,20,33,3,1,4,46.6
53,24,42,3,1,4,46.6
53,25,54,3,1,3,46.6
53,26,48,3,1,1,46.6
53,27,48,3,2,3,46.6
53,29,45,3,2,1,46.6
53,30,39,3,2,1,46.6
53,31,0,3,2,3,46.6
53,32,51,3,2,3,46.6
53,34,27,3,2,3,46.6
53,35,54,3,2,2,46.6
53,36,36,3,2,1,46.6
53,37,42,3,2,2,46.6
53,38,66,3,2,3,46.6
53,39,15,3,2,3,46.6
53,42,18,3,2,2,46.6
53,43,30,3,2,2,46.6
53,45,3,3,2,3,46.6
53,47,60,3,2,2,46.6
53,48,57,3,2,2,46.6
53,50,33,3,2,3,46.6
53,51,21,3,2,2,46.6
53,52,24,3,2,3,46.6
53,54,72,3,2,0,46.6
53,55,6,3,2,1,46.6
53,56,9,3,2,1,46.6
53,57,69,3,2,0,46.6
53,58,12,3,2,1,46.6
53,59,75,3,2,0,46.6
53,60,63,3,2,1,46.6
53,62,0,3,3,1,46.6
53,63,3,3,3,1,46.6
53,65,6,3,3,1,46.6
53,66,27,3,3,0,46.6
53,67,12,3,3,0,46.6
53,68,42,3,3,0,46.6
53,69,69,3,3,0,46.6
53,71,9,3,3,1,46.6
53,72,39,3,3,0,46.6
53,73,15,3,3,1,46.6
53,75,18,3,3,1,46.6
53,76,48,3,3,0,46.6
53,78,21,3,3,1,46.6
53,81,75,3,3,0,46.6
53,83,24,3,3,1,46.6
53,84,30,3,3,1,46.6
53,85,33,3,3,1,46.6
53,86,36,3,3,1,46.6
53,87,45,3,3,1,46.6
53,88,51,3,3,1,46.6
53,91,63,3,3,0,46.6
53,94,54,3,3,1,46.6
53,95,57,3,3,0,46.6
53,96,60,3,3,1,46.6
53,97,66,3,3,1,46.6
53,99,72,3,3,1,46.6
54,12,45,3,1,3,46.6
54,15,24,3,0,4,46.6
54,22,24,3,1,2,46.6
54,25,57,3,1,3,46.6
54,28,27,3,1,3,46.6
54,33,3,3,1,2,46.6
54,38,69,3,1,3,46.6
54,40,66,3,1,3,46.6
54,44,30,3,1,1,46.6
54,45,0,3,1,3,46.6
54,51,15,3,1,2,46.6
54,63,6,3,1,1,46.6
54,66,39,3,1,0,46.6
54,68,48,3,1,0,46.6
54,71,12,3,1,0,46.6
54,73,9,3,1,1,46.6
54,76,54,3,1,0,46.6
54,79,18,3,1,1,46.6
54,84,21,3,1,1,46.6
54,86,33,3,1,1,46.6
54,96,36,3,1,1,46.6
54,98,42,3,1,1,46.6
55,2,42,3,0,4,46.6
55,3,57,3,0,3,46.6
55,7,42,3,1,1,46.6
55,8,3,3,1,2,46.6
55,18,12,3,1,2,46.6
55,22,27,3,1,2,46.6
55,25,60,3,1,3,46.6
55,29,48,3,1,1,46.6
55,30,51,3,1,1,46.6
55,31,9,3,1,3,46.6
55,33,15,3,1,2,46.6
55,34,36,3,1,3,46.6
55,36,45,3,1,1,46.6
55,38,75,3,1,3,46.6
55,44,63,3,1,1,46.6
55,45,18,3,1,3,46.6
55,47,0,3,1,3,46.6
55,48,54,3,1,2,46.6
55,52,21,3,1,4,46.6
55,59,69,3,1,0,46.6
55,62,24,3,1,1,46.6
55,63,30,3,1,1,46.6
55,64,33,3,1,1,46.6
55,71,57,3,1,1,46.6
55,73,0,3,2,1,46.6
55,75,3,3,2,1,46.6
55,76,57,3,2,0,46.6
55,77,6,3,2,1,46.6
55,82,42,3,2,0,46.6
55,83,9,3,2,1,46.6
55,84,12,3,2,1,46.6
55,87,18,3,2,1,46.6
55,88,33,3,2,0,46.6
55,89,51,3,2,0,46.6
55,91,45,3,2,0,46.6
55,92,15,3,2,1,46.6
55,93,21,3,2,1,46.6
55,96,27,3,2,1,46.6
55,97,30,3,2,1,46.6
55,98,24,3,2,1,46.6
55,99,36,3,2,1,46.6
56,0,24,3,0,2,46.6
56,1,27,3,0,4,46.6
56,2,63,3,1,3,46.6
56,4,15,3,1,3,46.6
56,6,66,3,1,2,46.6
56,7,45,3,1,1,46.6
56,8,18,3,1,2,46.6
56,9,21,3,1,3,46.6
56,10,75,3,1,2,46.6
56,11,69,3,1,1,46.6
56,12,72,3,1,3,46.6
56,13,24,3,1,3,46.6
56,14,39,3,1,1,46.6
56,15,3,3,1,4,46.6
56,16,27,3,1,2,46.6
56,17,57,3,1,1,46.6
56,18,30,3,1,2,46.6
56,19,36,3,1,2,46.6
56,20,60,3,1,3,46.6
56,21,12,3,1,3,46.6
56,22,33,3,1,2,46.6
56,23,6,3,1,3,46.6
56,24,0,3,1,4,46.6
56,25,42,3,1,4,46.6
56,26,51,3,1,1,46.6
56,27,48,3,1,4,46.6
56,28,24,3,2,3,46.6
56,29,51,3,2,1,46.6
56,30,42,3,2,1,46.6
56,31,3,3,2,3,46.6
56,32,54,3,2,3,46.6
56,33,6,3,2,2,46.6
56,34,45,3,2,3,46.6
56,35,48,3,2,2,46.6
56,36,39,3,2,1,46.6
56,37,63,3,2,2,46.6
56,38,72,3,2,3,46.6
56,40,57,3,2,3,46.6
56,41,69,3,2,2,46.6
56,42,27,3,2,2,46.6
56,43,33,3,2,2,46.6
56,45,9,3,2,3,46.6
56,46,21,3,2,3,46.6
56,47,12,3,2,3,46.6
56,48,60,3,2,2,46.6
56,49,66,3,2,2,46.6
56,50,0,3,2,4,46.6
56,52,36,3,2,3,46.6
56,53,15,3,2,4,46.6
56,54,75,3,2,1,46.6
56,55,18,3,2,3,46.6
56,57,30,3,2,1,46.6
56,59,0,3,3,1,46.6
56,60,6,3,3,1,46.6
56,61,12,3,3,1,46.6
56,63,18,3,3,1,46.6
56,64,3,3,3,1,46.6
56,65,15,3,3,1,46.6
56,67,51,3,3,0,46.6
56,68,45,3,3,0,46.6
56,69,27,3,3,0,46.6
56,70,24,3,3,0,46.6
56,71,21,3,3,1,46.6
56,72,9,3,3,1,46.6
56,73,30,3,3,1,46.6
56,75,33,3,3,1,46.6
56,76,60,3,3,0,46.6
56,77,36,3,3,1,46.6
56,78,39,3,3,1,46.6
56,81,42,3,3,1,46.6
56,82,66,3,3,0,46.6
56,83,48,3,3,1,46.6
56,84,54,3,3,1,46.6
56,86,57,3,3,1,46.6
56,87,63,3,3,1,46.6
56,90,69,3,3,1,46.6
56,91,72,3,3,1,46.6
56,92,75,3,3,1,46.6
56,93,0,3,4,1,46.6
56,94,15,3,4,1,46.6
56,96,18,3,4,0,46.6
56,97,6,3,4,1,46.6
57,4,60,3,0,3,46.6
57,6,72,3,0,2,46.6
57,7,54,3,0,1,46.6
57,8,66,3,0,2,46.6
57,9,75,3,0,4,46.6
57,11,75,3,1,1,46.6
57,12,63,3,1,3,46.6
57,13,33,3,1,3,46.6
57,14,42,3,1,1,46.6
57,16,21,3,1,2,46.6
57,17,66,3,1,1,46.6
57,19,27,3,1,2,46.6
57,21,15,3,1,3,46.6
57,22,36,3,1,2,46.6
57,23,24,3,1,3,46.6
57,24,3,3,1,4,46.6
57,25,69,3,1,3,46.6
57,27,51,3,1,3,46.6
57,29,54,3,1,1,46.6
57,30,48,3,1,1,46.6
57,31,6,3,1,3,46.6
57,33,9,3,1,2,46.6
57,34,57,3,1,3,46.6
57,35,45,3,1,2,46.6
57,37,72,3,1,2,46.6
57,38,0,3,1,4,46.6
57,40,12,3,1,4,46.6
57,41,18,3,1,3,46.6
57,42,39,3,1,2,46.6
57,43,60,3,1,2,46.6
57,45,6,3,2,3,46.6
57,46,24,3,2,3,46.6
57,47,51,3,2,2,46.6
57,49,63,3,2,2,46.6
57,51,30,3,2,2,46.6
57,52,48,3,2,3,46.6
57,53,0,3,2,4,46.6
57,54,60,3,2,1,46.6
57,55,39,3,2,2,46.6
57,58,27,3,2,0,46.6
57,59,3,3,2,1,46.6
57,60,9,3,2,1,46.6
57,61,18,3,2,1,46.6
57,63,12,3,2,1,46.6
57,64,15,3,2,1,46.6
57,65,21,3,2,1,46.6
57,66,75,3,2,0,46.6
57,67,33,3,2,1,46.6
57,68,69,3,2,0,46.6
57,70,54,3,2,0,46.6
57,72,36,3,2,1,46.6
57,73,42,3,2,1,46.6
57,75,45,3,2,1,46.6
57,76,72,3,2,0,46.6
57,78,57,3,2,1,46.6
57,84,66,3,2,1,46.6
57,85,0,3,3,1,46.6
57,87,21,3,3,1,46.6
57,90,3,3,3,1,46.6
57,91,6,3,3,1,46.6
57,92,51,3,3,0,46.6
57,93,9,3,3,1,46.6
57,94,24,3,3,1,46.6
57,96,12,3,3,1,46.6
57,97,15,3,3,1,46.6
57,98,27,3,3,1,46.6
57,99,18,3,3,1,46.6
58,0,33,3,0,2,46.6
58,1,51,3,1,3,46.6
58,2,75,3,1,3,46.6
58,3,0,3,1,3,46.6
58,4,9,3,1,3,46.6
58,5,15,3,1,2,46.6
58,6,69,3,1,2,46.6
58,7,48,3,1,1,46.6
58,10,63,3,1,2,46.6
58,12,18,3,1,4,46.6
58,13,36,3,1,3,46.6
58,14,45,3,1,1,46.6
58,15,6,3,1,4,46.6
58,16,24,3,1,2,46.6
58,18,27,3,1,2,46.6
58,19,42,3,1,2,46.6
58,20,57,3,1,3,46.6
58,21,21,3,1,3,46.6
58,28,33,3,1,3,46.6
58,32,3,3,1,4,46.6
58,33,39,3,1,2,46.6
58,34,54,3,1,3,46.6
58,35,66,3,1,2,46.6
58,36,42,3,2,1,46.6
58,38,3,3,2,4,46.6
58,39,18,3,2,3,46.6
58,41,72,3,2,2,46.6
58,42,30,3,2,2,46.6
58,44,27,3,2,1,46.6
58,47,6,3,2,3,46.6
58,48,48,3,2,2,46.6
58,49,75,3,2,2,46.6
58,50,45,3,2,3,46.6
58,51,24,3,2,2,46.6
58,52,60,3,2,3,46.6
58,53,9,3,2,4,46.6
58,55,54,3,2,2,46.6
58,56,12,3,2,4,46.6
58,57,33,3,2,3,46.6
58,59,15,3,2,1,46.6
58,60,21,3,2,1,46.6
58,61,36,3,2,1,46.6
58,62,39,3,2,1,46.6
58,63,51,3,2,1,46.6
58,64,0,3,2,1,46.6
58,65,57,3,2,1,46.6
58,66,63,3,2,1,46.6
58,68,66,3,2,1,46.6
58,69,69,3,2,1,46.6
58,70,57,3,3,0,46.6
58,71,27,3,3,0,46.6
58,72,0,3,3,1,46.6
58,74,33,3,3,0,46.6
58,75,6,3,3,1,46.6
58,77,9,3,3,1,46.6
58,79,45,3,3,0,46.6
58,80,51,3,3,0,46.6
58,82,3,3,3,1,46.6
58,83,12,3,3,1,46.6
58,84,15,3,3,1,46.6
58,86,21,3,3,1,46.6
58,87,24,3,3,1,46.6
58,88,18,3,3,1,46.6
58,89,42,3,3,0,46.6
58,90,30,3,3,1,46.6
58,95,75,3,3,0,46.6
58,96,39,3,3,1,46.6
58,97,36,3,3,1,46.6
58,98,48,3,3,1,46.6
59,0,48,3,1,1,46.6
59,1,6,3,1,4,46.6
59,3,12,3,1,3,46.6
59,4,18,3,1,3,46.6
59,6,75,3,1,2,46.6
59,7,51,3,1,1,46.6
59,15,9,3,1,4,46.6
59,16,30,3,1,2,46.6
59,20,63,3,1,3,46.6
59,21,24,3,1,3,46.6
59,22,39,3,1,2,46.6
59,24,21,3,1,4,46.6
59,25,72,3,1,3,46.6
59,26,45,3,1,1,46.6
59,28,36,3,1,3,46.6
59,33,27,3,1,2,46.6
59,36,54,3,1,1,46.6
59,39,33,3,1,3,46.6
59,40,69,3,1,3,46.6
59,41,42,3,1,3,46.6
59,43,57,3,1,2,46.6
59,44,66,3,1,1,46.6
59,45,60,3,1,3,46.6
59,48,42,3,2,2,46.6
59,54,51,3,2,1,46.6
59,61,21,3,2,1,46.6
59,62,9,3,2,1,46.6
59,63,24,3,2,1,46.6
59,64,6,3,2,1,46.6
59,65,0,3,2,1,46.6
59,70,60,3,2,0,46.6
59,73,12,3,2,1,46.6
59,75,15,3,2,1,46.6
59,76,3,3,2,1,46.6
59,78,18,3,2,1,46.6
59,84,27,3,2,1,46.6
59,85,30,3,2,1,46.6
59,86,39,3,2,1,46.6
59,89,54,3,2,0,46.6
59,91,33,3,2,1,46.6
59,93,36,3,2,1,46.6
59,95,45,3,2,1,46.6
59,97,48,3,2,1,46.6
59,99,57,3,2,1,46.6
60,1,12,3,1,4,46.6
60,2,18,3,1,4,46.6
60,3,15,3,1,3,46.6
60,4,24,3,1,3,46.6
60,5,75,3,1,1,46.6
60,8,27,3,1,2,46.6
60,9,30,3,1,3,46.6
60,10,33,3,1,3,46.6
60,11,36,3,1,2,46.6
60,12,69,3,1,3,46.6
60,16,39,3,1,2,46.6
60,20,66,3,1,3,46.6
60,23,42,3,1,3,46.6
60,24,45,3,1,4,46.6
60,25,48,3,1,4,46.6
60,28,54,3,1,3,46.6
60,29,57,3,1,1,46.6
60,32,60,3,1,3,46.6
60,34,72,3,1,4,46.6
60,35,51,3,2,2,46.6
60,36,57,3,2,1,46.6
60,37,66,3,2,2,46.6
60,42,33,3,2,2,46.6
60,43,27,3,2,2,46.6
60,46,30,3,2,3,46.6
60,47,72,3,2,2,46.6
60,48,69,3,2,2,46.6
60,51,36,3,2,2,46.6
60,52,0,3,2,4,46.6
60,54,63,3,2,1,46.6
60,55,48,3,2,2,46.6
60,56,3,3,2,4,46.6
60,57,39,3,2,3,46.6
60,58,54,3,2,3,46.6
60,59,75,3,2,2,46.6
60,61,24,3,2,1,46.6
60,62,12,3,2,1,46.6
60,63,21,3,2,1,46.6
60,70,6,3,2,1,46.6
60,72,15,3,2,1,46.6
60,76,9,3,2,1,46.6
60,77,18,3,2,1,46.6
60,82,42,3,2,1,46.6
60,83,45,3,2,1,46.6
60,84,60,3,2,1,46.6
60,86,3,3,3,1,46.6
60,89,0,3,3,1,46.6
60,90,6,3,3,1,46.6
60,92,9,3,3,1,46.6
60,94,21,3,3,1,46.6
60,95,18,3,3,0,46.6
60,96,15,3,3,1,46.6
60,98,30,3,3,1,46.6
60,99,12,3,3,1,46.6
61,0,54,3,1,1,46.6
61,1,33,3,1,4,46.6
61,3,27,3,1,3,46.6
61,14,48,3,1,1,46.6
61,18,39,3,1,2,46.6
61,19,51,3,1,2,46.6
61,22,42,3,1,2,46.6
61,24,57,3,1,4,46.6
61,26,60,3,1,1,46.6
61,28,45,3,1,3,46.6
61,33,63,3,1,2,46.6
61,38,66,3,1,4,46.6
61,41,75,3,1,2,46.6
61,44,69,3,1,1,46.6
61,45,72,3,1,3,46.6
61,49,0,3,2,3,46.6
61,53,3,3,2,4,46.6
61,58,60,3,2,3,46.6
61,62,15,3,2,1,46.6
61,63,27,3,2,1,46.6
61,65,12,3,2,1,46.6
61,69,6,3,2,1,46.6
61,70,63,3,2,0,46.6
61,72,18,3,2,1,46.6
61,74,36,3,2,0,46.6
61,79,66,3,2,0,46.6
61,80,57,3,2,0,46.6
61,82,9,3,2,1,46.6
61,89,21,3,2,1,46.6
61,90,24,3,2,1,46.6
61,91,30,3,2,1,46.6
61,95,33,3,2,1,46.6
62,3,18,3,1,3,46.6
62,5,21,3,1,2,46.6
62,7,57,3,1,1,46.6
62,10,27,3,1,3,46.6
62,13,30,3,1,3,46.6
62,14,51,3,1,1,46.6
62,18,33,3,1,2,46.6
62,20,69,3,1,3,46.6
62,23,36,3,1,3,46.6
62,24,48,3,1,4,46.6
62,27,54,3,1,3,46.6
62,29,60,3,1,1,46.6
62,30,63,3,1,1,46.6
62,32,72,3,1,3,46.6
62,39,42,3,1,3,46.6
62,41,45,3,1,3,46.6
62,43,66,3,1,2,46.6
62,46,75,3,1,3,46.6
62,54,72,3,2,1,46.6
62,57,30,3,2,3,46.6
62,61,39,3,2,2,46.6
62,66,0,3,2,0,46.6
62,69,3,3,2,1,46.6
62,71,6,3,2,1,46.6
62,72,12,3,2,1,46.6
62,76,15,3,2,1,46.6
62,78,9,3,2,1,46.6
62,81,18,3,2,1,46.6
62,83,21,3,2,1,46.6
62,84,24,3,2,1,46.6
62,87,33,3,2,1,46.6
62,88,27,3,2,1,46.6
62,92,36,3,2,1,46.6
62,94,42,3,2,1,46.6
62,99,45,3,2,1,46.6
63,0,60,3,1,1,46.6
63,1,36,3,1,4,46.6
63,2,33,3,1,4,46.6
63,6,39,3,1,3,46.6
63,9,42,3,1,3,46.6
63,13,45,3,1,3,46.6
63,18,48,3,1,2,46.6
63,19,54,3,1,2,46.6
63,21,57,3,1,3,46.6
63,25,63,3,1,3,46.6
63,26,69,3,1,1,46.6
63,27,72,3,1,3,46.6
63,32,75,3,1,3,46.6
63,34,42,3,2,3,46.6
63,43,63,3,2,2,46.6
63,44,36,3,2,1,46.6
63,48,51,3,2,2,46.6
63,50,27,3,2,3,46.6
63,54,0,3,2,2,46.6
63,57,45,3,2,3,46.6
63,65,3,3,2,1,46.6
63,66,6,3,2,1,46.6
63,68,75,3,2,0,46.6
63,69,9,3,2,1,46.6
63,74,39,3,2,0,46.6
63,77,12,3,2,1,46.6
63,79,69,3,2,0,46.6
63,84,18,3,2,1,46.6
63,90,15,3,2,1,46.6
63,91,21,3,2,1,46.6
63,97,33,3,2,1,46.6
63,98,54,3,2,1,46.6
64,0,63,3,1,1,46.6
64,3,21,3,1,3,46.6
64,4,30,3,1,3,46.6
64,6,9,3,1,3,46.6
64,7,60,3,1,1,46.6
64,9,24,3,1,3,46.6
64,12,12,3,1,4,46.6
64,13,42,3,1,3,46.6
64,15,36,3,1,4,46.6
64,16,45,3,1,2,46.6
64,17,69,3,1,1,46.6
64,18,18,3,1,2,46.6
64,19,48,3,1,2,46.6
64,21,39,3,1,3,46.6
64,22,51,3,1,2,46.6
64,23,54,3,1,3,46.6
64,24,66,3,1,4,46.6
64,25,57,3,1,4,46.6
64,27,75,3,1,3,46.6
64,30,72,3,1,1,46.6
64,31,15,3,2,3,46.6
64,34,48,3,2,3,46.6
64,36,60,3,2,1,46.6
64,37,69,3,2,2,46.6
64,39,21,3,2,3,46.6
64,40,75,3,2,3,46.6
64,42,42,3,2,2,46.6
64,43,0,3,2,3,46.6
64,45,12,3,2,3,46.6
64,46,27,3,2,3,46.6
64,48,72,3,2,2,46.6
64,49,3,3,2,3,46.6
64,50,54,3,2,3,46.6
64,51,33,3,2,2,46.6
64,52,6,3,2,4,46.6
64,54,9,3,2,2,46.6
64,55,63,3,2,2,46.6
64,58,66,3,2,3,46.6
64,59,18,3,2,3,46.6
64,61,45,3,2,2,46.6
64,62,51,3,2,2,46.6
64,65,24,3,2,1,46.6
64,66,30,3,2,1,46.6
64,67,36,3,2,1,46.6
64,68,39,3,2,1,46.6
64,69,57,3,2,1,46.6
64,70,75,3,3,0,46.6
64,72,3,3,3,1,46.6
64,73,6,3,3,1,46.6
64,74,42,3,3,0,46.6
64,75,0,3,3,1,46.6
64,76,12,3,3,1,46.6
64,77,15,3,3,1,46.6
64,78,24,3,3,1,46.6
64,80,60,3,3,0,46.6
64,82,18,3,3,1,46.6
64,84,9,3,3,1,46.6
64,85,21,3,3,1,46.6
64,86,27,3,3,1,46.6
64,87,30,3,3,1,46.6
64,90,33,3,3,1,46.6
64,91,36,3,3,1,46.6
64,92,39,3,3,1,46.6
64,94,45,3,3,1,46.6
64,95,48,3,3,1,46.6
64,96,51,3,3,1,46.6
64,97,54,3,3,1,46.6
64,98,57,3,3,1,46.6
65,3,30,3,1,3,46.6
65,10,18,3,1,3,46.6
65,16,33,3,1,2,46.6
65,19,60,3,1,2,46.6
65,20,75,3,1,3,46.6
65,29,66,3,1,1,46.6
65,36,63,3,1,1,46.6
65,37,27,3,1,3,46.6
65,41,36,3,1,3,46.6
65,45,39,3,1,3,46.6
65,47,42,3,1,3,46.6
65,48,45,3,1,3,46.6
65,50,48,3,1,3,46.6
65,51,51,3,1,2,46.6
65,55,69,3,1,2,46.6
65,59,54,3,1,3,46.6
65,61,42,3,2,2,46.6
65,66,0,3,2,1,46.6
65,72,6,3,2,1,46.6
65,76,18,3,2,1,46.6
65,82,12,3,2,1,46.6
65,83,3,3,2,1,46.6
65,85,9,3,2,1,46.6
65,86,15,3,2,1,46.6
65,93,24,3,2,1,46.6
65,94,27,3,2,1,46.6
65,98,21,3,2,1,46.6
66,0,69,3,1,1,46.6
66,3,3,3,1,3,46.6
66,8,9,3,1,2,46.6
66,9,27,3,1,3,46.6
66,10,15,3,1,3,46.6
66,11,18,3,1,2,46.6
66,13,51,3,1,3,46.6
66,14,54,3,1,1,46.6
66,15,21,3,1,4,46.6
66,16,42,3,1,2,46.6
66,17,72,3,1,1,46.6
66,20,24,3,1,4,46.6
66,22,45,3,1,2,46.6
66,24,33,3,1,4,46.6
66,25,39,3,1,4,46.6
66,26,57,3,1,1,46.6
66,27,60,3,1,3,46.6
66,28,48,3,1,3,46.6
66,29,75,3,1,1,46.6
66,30,66,3,1,1,46.6
66,32,57,3,2,3,46.6
66,33,12,3,2,2,46.6
66,35,60,3,2,2,46.6
66,37,75,3,2,2,46.6
66,38,6,3,2,4,46.6
66,40,0,3,2,4,46.6
66,41,3,3,2,3,46.6
66,42,45,3,2,2,46.6
66,43,9,3,2,3,46.6
66,45,15,3,2,3,46.6
66,46,36,3,2,3,46.6
66,49,18,3,2,3,46.6
66,52,72,3,2,3,46.6
66,53,21,3,2,4,46.6
66,57,42,3,2,3,46.6
66,58,63,3,2,3,46.6
66,59,66,3,2,2,46.6
66,60,24,3,2,3,46.6
66,62,48,3,2,2,46.6
66,63,30,3,2,2,46.6
66,64,69,3,2,3,46.6
66,65,33,3,2,2,46.6
66,67,27,3,2,1,46.6
66,70,39,3,2,1,46.6
66,71,51,3,2,1,46.6
66,73,54,3,2,1,46.6
66,74,54,3,3,0,46.6
66,75,9,3,3,1,46.6
66,76,0,3,3,1,46.6
66,77,21,3,3,1,46.6
66,78,3,3,3,1,46.6
66,82,6,3,3,1,46.6
66,83,15,3,3,1,46.6
66,84,33,3,3,1,46.6
66,85,12,3,3,1,46.6
66,86,24,3,3,1,46.6
66,87,36,3,3,1,46.6
66,89,18,3,3,1,46.6
66,90,27,3,3,1,46.6
66,91,39,3,3,1,46.6
66,93,30,3,3,1,46.6
66,94,48,3,3,1,46.6
66,95,42,3,3,1,46.6
66,97,45,3,3,1,46.6
66,99,51,3,3,1,46.6
67,1,15,3,0,4,46.6
67,6,0,3,1,3,46.6
67,10,3,3,1,3,46.6
67,11,6,3,1,2,46.6
67,12,9,3,1,4,46.6
67,14,63,3,1,1,46.6
67,16,51,3,1,2,46.6
67,24,12,3,1,4,46.6
67,29,69,3,1,1,46.6
67,32,15,3,1,4,46.6
67,35,57,3,1,2,46.6
67,39,30,3,1,3,46.6
67,45,21,3,1,3,46.6
67,47,18,3,1,3,46.6
67,49,24,3,1,3,46.6
67,61,54,3,1,2,46.6
67,64,66,3,1,3,46.6
67,65,39,3,1,2,46.6
67,70,42,3,1,1,46.6
67,75,60,3,1,1,46.6
67,77,72,3,1,1,46.6
67,79,75,3,1,1,46.6
67,81,0,3,2,1,46.6
67,82,15,3,2,1,46.6
67,87,39,3,2,1,46.6
67,91,3,3,2,1,46.6
68,0,72,3,1,1,46.6
68,2,0,3,1,4,46.6
68,3,6,3,1,3,46.6
68,4,21,3,1,3,46.6
68,5,9,3,1,2,46.6
68,7,63,3,1,1,46.6
68,8,24,3,1,2,46.6
68,11,12,3,1,2,46.6
68,12,15,3,1,4,46.6
68,13,57,3,1,3,46.6
68,15,27,3,1,4,46.6
68,16,36,3,1,2,46.6
68,17,3,3,1,2,46.6
68,20,30,3,1,4,46.6
68,21,18,3,1,3,46.6
68,22,60,3,1,2,46.6
68,23,33,3,1,3,46.6
68,25,45,3,1,4,46.6
68,26,75,3,1,1,46.6
68,27,69,3,1,3,46.6
68,28,42,3,1,3,46.6
68,29,48,3,1,2,46.6
68,31,51,3,1,3,46.6
68,32,63,3,2,3,46.6
68,34,51,3,2,3,46.6
68,35,69,3,2,2,46.6
68,39,36,3,2,3,46.6
68,40,3,3,2,4,46.6
68,41,0,3,2,3,46.6
68,42,57,3,2,2,46.6
68,43,75,3,2,2,46.6
68,44,42,3,2,1,46.6
68,45,24,3,2,3,46.6
68,46,39,3,2,3,46.6
68,47,9,3,2,3,46.6
68,48,6,3,2,3,46.6
68,49,12,3,2,3,46.6
68,50,72,3,2,3,46.6
68,51,45,3,2,2,46.6
68,52,15,3,2,4,46.6
68,53,18,3,2,4,46.6
68,54,21,3,2,2,46.6
68,56,27,3,2,4,46.6
68,57,48,3,2,3,46.6
68,58,30,3,2,4,46.6
68,59,33,3,2,3,46.6
68,60,54,3,2,3,46.6
68,61,60,3,2,3,46.6
68,63,66,3,2,2,46.6
68,64,63,3,3,3,46.6
68,65,30,3,3,2,46.6
68,67,6,3,3,2,46.6
68,69,0,3,3,1,46.6
68,70,3,3,3,1,46.6
68,71,12,3,3,1,46.6
68,72,24,3,3,1,46.6
68,73,18,3,3,1,46.6
68,76,21,3,3,1,46.6
68,77,27,3,3,1,46.6
68,78,15,3,3,1,46.6
68,80,72,3,3,0,46.6
68,81,9,3,3,1,46.6
68,82,33,3,3,1,46.6
68,84,36,3,3,1,46.6
68,90,39,3,3,1,46.6
68,91,42,3,3,1,46.6
68,94,51,3,3,1,46.6
68,96,45,3,3,1,46.6
68,97,57,3,3,1,46.6
68,98,60,3,3,1,46.6
69,0,12,3,1,2,46.6
69,1,18,3,1,4,46.6
69,2,21,3,1,4,46.6
69,4,27,3,1,3,46.6
69,6,15,3,1,3,46.6
69,7,66,3,1,1,46.6
69,8,30,3,1,2,46.6
69,9,33,3,1,3,46.6
69,10,24,3,1,3,46.6
69,12,36,3,1,4,46.6
69,15,39,3,1,4,46.6
69,16,48,3,1,2,46.6
69,17,63,3,1,1,46.6
69,18,42,3,1,2,46.6
69,19,72,3,1,2,46.6
69,20,45,3,1,4,46.6
69,22,54,3,1,2,46.6
69,24,51,3,1,4,46.6
69,26,60,3,1,2,46.6
69,30,75,3,1,1,46.6
69,32,69,3,2,3,46.6
69,33,18,3,2,2,46.6
69,34,60,3,2,3,46.6
69,36,66,3,2,1,46.6
69,39,39,3,2,3,46.6
69,40,6,3,2,4,46.6
69,41,9,3,2,3,46.6
69,42,51,3,2,2,46.6
69,43,3,3,2,3,46.6
69,44,72,3,2,1,46.6
69,45,27,3,2,3,46.6
69,48,0,3,2,3,46.6
69,49,15,3,2,3,46.6
69,50,63,3,2,3,46.6
69,51,42,3,2,2,46.6
69,52,12,3,2,4,46.6
69,54,24,3,2,2,46.6
69,56,21,3,2,4,46.6
69,57,36,3,2,3,46.6
69,59,30,3,2,3,46.6
69,60,33,3,2,3,46.6
69,64,45,3,2,4,46.6
69,65,48,3,2,2,46.6
69,66,57,3,2,3,46.6
69,67,54,3,2,2,46.6
69,68,75,3,2,3,46.6
69,70,0,3,3,1,46.6
69,75,12,3,3,1,46.6
69,76,6,3,3,1,46.6
69,78,27,3,3,1,46.6
69,80,3,3,3,1,46.6
69,82,21,3,3,1,46.6
69,84,39,3,3,1,46.6
69,86,30,3,3,1,46.6
69,87,42,3,3,1,46.6
69,88,9,3,3,1,46.6
69,90,18,3,3,1,46.6
69,91,15,3,3,1,46.6
69,93,33,3,3,1,46.6
69,95,24,3,3,1,46.6
69,96,48,3,3,1,46.6
69,97,51,3,3,1,46.6
69,99,54,3,3,1,46.6
70,0,9,3,1,2,46.6
70,1,21,3,1,4,46.6
70,5,12,3,1,2,46.6
70,7,75,3,1,1,46.6
70,9,36,3,1,3,46.6
70,10,30,3,1,3,46.6
70,11,15,3,1,2,46.6
70,13,54,3,1,3,46.6
70,15,33,3,1,4,46.6
70,19,57,3,1,2,46.6
70,21,27,3,1,3,46.6
70,22,63,3,1,2,46.6
70,25,18,3,1,4,46.6
70,27,66,3,1,3,46.6
70,28,51,3,1,3,46.6
70,29,72,3,1,1,46.6
70,33,24,3,1,2,46.6
70,35,45,3,1,3,46.6
70,39,48,3,1,3,46.6
70,40,60,3,1,4,46.6
70,41,69,3,1,3,46.6
70,43,6,3,2,3,46.6
70,44,51,3,2,1,46.6
70,45,30,3,2,3,46.6
70,46,42,3,2,3,46.6
70,47,3,3,2,3,46.6
70,48,9,3,2,3,46.6
70,49,21,3,2,3,46.6
70,51,48,3,2,2,46.6
70,53,12,3,2,4,46.6
70,55,60,3,2,2,46.6
70,56,24,3,2,4,46.6
70,59,63,3,2,2,46.6
70,64,72,3,2,3,46.6
70,65,36,3,2,2,46.6
70,66,66,3,2,3,46.6
70,67,18,3,2,2,46.6
70,68,54,3,2,3,46.6
70,72,27,3,2,1,46.6
70,76,33,3,2,1,46.6
70,77,39,3,2,1,46.6
70,78,0,3,2,1,46.6
70,83,57,3,2,1,46.6
70,87,69,3,2,1,46.6
70,90,45,3,2,1,46.6
70,91,15,3,2,2,46.6
70,92,75,3,2,2,46.6
70,93,6,3,3,1,46.6
70,95,0,3,3,1,46.6
70,98,9,3,3,0,46.6
70,99,3,3,3,1,46.6
71,27,63,3,1,3,46.6
71,36,69,3,1,1,46.6
71,41,15,3,1,3,46.6
71,44,0,3,1,2,46.6
71,48,18,3,1,3,46.6
71,52,24,3,1,4,46.6
71,55,66,3,1,2,46.6
71,66,60,3,1,3,46.6
71,76,27,3,1,1,46.6
71,93,39,3,1,1,46.6
72,0,30,3,1,2,46.6
72,2,39,3,1,4,46.6
72,9,48,3,1,3,46.6
72,17,33,3,1,2,46.6
72,21,42,3,1,3,46.6
72,22,57,3,1,2,46.6
72,24,54,3,1,4,46.6
72,33,60,3,1,2,46.6
72,35,63,3,1,2,46.6
72,38,69,3,1,4,46.6
72,42,66,3,1,3,46.6
72,45,75,3,1,3,46.6
72,47,72,3,1,3,46.6
72,52,3,3,2,4,46.6
72,58,69,3,2,3,46.6
72,60,27,3,2,3,46.6
72,71,30,3,2,1,46.6
72,75,21,3,2,1,46.6
72,77,24,3,2,1,46.6
72,78,6,3,2,1,46.6
72,88,0,3,2,1,46.6
72,90,9,3,2,1,46.6
72,91,12,3,2,1,46.6
72,92,18,3,2,1,46.6
73,2,24,3,1,4,46.6
73,3,33,3,1,3,46.6
73,4,36,3,1,3,46.6
73,5,27,3,1,2,46.6
73,6,21,3,1,3,46.6
73,7,39,3,1,2,46.6
73,8,45,3,1,2,46.6
73,9,51,3,1,3,46.6
73,16,63,3,1,2,46.6
73,18,69,3,1,2,46.6
73,21,72,3,1,3,46.6
73,22,48,3,1,3,46.6
73,25,0,3,2,4,46.6
73,31,18,3,2,3,46.6
73,34,63,3,2,3,46.6
73,35,72,3,2,2,46.6
73,39,45,3,2,3,46.6
73,40,9,3,2,4,46.6
73,43,12,3,2,3,46.6
73,44,3,3,2,2,46.6
73,45,33,3,2,3,46.6
73,51,54,3,2,2,46.6
73,53,6,3,2,4,46.6
73,55,75,3,2,2,46.6
73,56,30,3,2,4,46.6
73,58,15,3,2,4,46.6
73,59,69,3,2,2,46.6
73,60,36,3,2,3,46.6
73,61,48,3,2,2,46.6
73,62,57,3,2,2,46.6
73,64,21,3,2,4,46.6
73,65,51,3,2,2,46.6
73,68,66,3,2,3,46.6
73,69,60,3,2,3,46.6
73,71,42,3,2,1,46.6
73,74,24,3,2,1,46.6
73,77,27,3,2,2,46.6
73,82,39,3,2,1,46.6
73,83,6,3,3,1,46.6
73,84,3,3,3,1,46.6
73,85,15,3,3,1,46.6
73,87,51,3,3,1,46.6
73,90,0,3,3,1,46.6
73,92,12,3,3,1,46.6
73,95,9,3,3,1,46.6
73,99,21,3,3,1,46.6
74,1,69,3,0,4,46.6
74,4,33,3,1,3,46.6
74,8,21,3,1,2,46.6
74,20,0,3,1,4,46.6
74,23,30,3,1,3,46.6
74,25,3,3,1,4,46.6
74,26,54,3,1,1,46.6
74,27,57,3,1,3,46.6
74,30,69,3,1,1,46.6
74,33,36,3,1,2,46.6
74,34,66,3,1,3,46.6
74,35,6,3,1,3,46.6
74,36,72,3,1,1,46.6
74,37,9,3,1,3,46.6
74,39,51,3,1,3,46.6
74,41,12,3,1,3,46.6
74,49,27,3,1,3,46.6
74,51,63,3,1,2,46.6
74,60,39,3,1,3,46.6
74,61,75,3,1,2,46.6
74,63,15,3,1,3,46.6
74,66,18,3,1,4,46.6
74,68,42,3,1,4,46.6
74,70,45,3,1,3,46.6
74,73,18,3,2,3,46.6
74,75,24,3,2,1,46.6
74,79,0,3,2,1,46.6
74,81,3,3,2,1,46.6
74,82,27,3,2,1,46.6
74,83,30,3,2,1,46.6
74,84,6,3,2,1,46.6
74,85,36,3,2,1,46.6
74,86,12,3,2,1,46.6
74,87,54,3,2,1,46.6
74,89,15,3,2,1,46.6
74,93,42,3,2,1,46.6
74,97,9,3,2,1,46.6
74,98,33,3,2,1,46.6
75,0,27,3,1,2,46.6
75,1,30,3,1,4,46.6
75,2,36,3,1,4,46.6
75,4,39,3,1,3,46.6
75,5,42,3,1,2,46.6
75,6,48,3,1,3,46.6
75,8,51,3,1,2,46.6
75,9,54,3,1,3,46.6
75,10,57,3,1,3,46.6
75,11,63,3,1,2,46.6
75,12,66,3,1,4,46.6
75,13,69,3,1,3,46.6
75,14,72,3,1,1,46.6
75,17,75,3,1,3,46.6
75,18,36,3,2,2,46.6
75,19,66,3,2,2,46.6
75,20,3,3,2,4,46.6
75,21,30,3,2,3,46.6
75,22,69,3,2,2,46.6
75,23,21,3,2,3,46.6
75,25,6,3,2,4,46.6
75,26,63,3,2,1,46.6
75,27,0,3,2,4,46.6
75,28,39,3,2,3,46.6
75,29,9,3,2,2,46.6
75,30,54,3,2,1,46.6
75,35,12,3,2,3,46.6
75,36,75,3,2,1,46.6
75,38,15,3,2,4,46.6
75,39,57,3,2,3,46.6
75,40,18,3,2,4,46.6
75,41,24,3,2,3,46.6
75,42,60,3,2,2,46.6
75,43,27,3,2,3,46.6
75,44,33,3,2,2,46.6
75,46,45,3,2,3,46.6
75,47,48,3,2,3,46.6
75,48,42,3,2,3,46.6
75,50,51,3,2,4,46.6
75,52,72,3,2,4,46.6
75,53,24,3,3,4,46.6
75,54,3,3,3,2,46.6
75,55,72,3,3,2,46.6
75,56,9,3,3,4,46.6
75,57,54,3,3,3,46.6
75,58,0,3,3,4,46.6
75,59,6,3,3,3,46.6
75,60,42,3,3,3,46.6
75,62,60,3,3,2,46.6
75,63,48,3,3,2,46.6
75,64,12,3,3,4,46.6
75,66,63,3,3,3,46.6
75,67,21,3,3,2,46.6
75,68,69,3,3,3,46.6
75,69,36,3,3,3,46.6
75,70,15,3,3,3,46.6
75,71,33,3,3,1,46.6
75,72,39,3,3,2,46.6
75,73,27,3,3,3,46.6
75,74,45,3,3,2,46.6
75,76,30,3,3,1,46.6
75,77,51,3,3,1,46.6
75,78,66,3,3,1,46.6
75,79,18,3,3,2,46.6
75,81,57,3,3,1,46.6
75,82,75,3,3,1,46.6
75,84,42,3,4,1,46.6
75,87,57,3,4,1,46.6
75,88,3,3,4,1,46.6
75,89,6,3,4,1,46.6
75,90,21,3,4,1,46.6
75,91,0,3,4,1,46.6
75,92,24,3,4,1,46.6
75,93,12,3,4,1,46.6
75,94,30,3,4,1,46.6
75,95,15,3,4,1,46.6
75,96,9,3,4,1,46.6
75,97,18,3,4,1,46.6
75,98,36,3,4,1,46.6
76,0,36,3,1,2,46.6
76,1,24,3,1,4,46.6
76,3,39,3,1,3,46.6
76,4,42,3,1,3,46.6
76,5,45,3,1,2,46.6
76,6,51,3,1,3,46.6
76,8,48,3,1,2,46.6
76,10,54,3,1,3,46.6
76,11,57,3,1,2,46.6
76,12,60,3,1,4,46.6
76,13,63,3,1,3,46.6
76,15,66,3,1,4,46.6
76,16,72,3,1,2,46.6
76,17,75,3,1,4,46.6
76,18,45,3,2,2,46.6
76,20,6,3,2,4,46.6
76,23,39,3,2,3,46.6
76,25,9,3,2,4,46.6
76,26,66,3,2,1,46.6
76,27,3,3,2,4,46.6
76,28,30,3,2,3,46.6
76,30,57,3,2,1,46.6
76,31,21,3,2,3,46.6
76,33,33,3,2,2,46.6
76,36,0,3,2,2,46.6
76,38,12,3,2,4,46.6
76,39,54,3,2,3,46.6
76,40,15,3,2,4,46.6
76,41,27,3,2,3,46.6
76,42,63,3,2,2,46.6
76,43,18,3,2,3,46.6
76,44,24,3,2,2,46.6
76,45,36,3,2,3,46.6
76,48,48,3,2,3,46.6
76,49,42,3,2,3,46.6
76,51,60,3,2,2,46.6
76,52,51,3,2,4,46.6
76,53,72,3,2,4,46.6
76,54,75,3,2,2,46.6
76,55,0,3,3,3,46.6
76,56,33,3,3,4,46.6
76,57,57,3,3,3,46.6
76,58,72,3,3,3,46.6
76,59,3,3,3,3,46.6
76,60,45,3,3,3,46.6
76,62,54,3,3,2,46.6
76,63,24,3,3,2,46.6
76,64,6,3,3,4,46.6
76,65,60,3,3,2,46.6
76,66,69,3,3,3,46.6
76,67,9,3,3,2,46.6
76,69,63,3,3,3,46.6
76,70,12,3,3,3,46.6
76,71,36,3,3,1,46.6
76,72,15,3,3,2,46.6
76,73,30,3,3,3,46.6
76,74,21,3,3,2,46.6
76,75,27,3,3,4,46.6
76,77,42,3,3,1,46.6
76,78,48,3,3,1,46.6
76,80,18,3,3,1,46.6
76,81,39,3,3,1,46.6
76,82,51,3,3,1,46.6
76,83,66,3,3,1,46.6
76,85,75,3,3,1,46.6
76,87,60,3,4,1,46.6
76,88,6,3,4,1,46.6
76,89,3,3,4,1,46.6
76,94,0,3,4,1,46.6
76,95,12,3,4,1,46.6
76,97,21,3,4,1,46.6
76,98,9,3,4,1,46.6
77,3,45,3,1,3,46.6
77,7,30,3,1,2,46.6
77,9,57,3,1,3,46.6
77,10,48,3,1,3,46.6
77,12,33,3,1,4,46.6
77,13,60,3,1,3,46.6
77,14,69,3,1,1,46.6
77,16,54,3,1,2,46.6
77,17,0,3,2,2,46.6
77,19,75,3,1,2,46.6
77,23,45,3,2,3,46.6
77,26,72,3,2,1,46.6
77,27,6,3,2,4,46.6
77,28,57,3,2,3,46.6
77,29,3,3,2,2,46.6
77,30,60,3,2,1,46.6
77,31,24,3,2,3,46.6
77,34,69,3,2,3,46.6
77,35,9,3,2,3,46.6
77,36,12,3,2,2,46.6
77,37,15,3,2,3,46.6
77,46,48,3,2,3,46.6
77,47,21,3,2,3,46.6
77,48,30,3,2,3,46.6
77,49,33,3,2,3,46.6
77,50,18,3,2,4,46.6
77,55,36,3,2,3,46.6
77,56,39,3,2,4,46.6
77,57,63,3,2,3,46.6
77,58,42,3,2,4,46.6
77,59,51,3,2,3,46.6
77,65,54,3,2,2,46.6
77,66,75,3,2,3,46.6
77,67,66,3,2,2,46.6
77,74,39,3,3,2,46.6
77,84,45,3,3,1,46.6
77,93,27,3,3,1,46.6
77,96,0,3,3,1,46.6
77,98,3,3,3,1,46.6
77,99,6,3,3,1,46.6
78,11,30,3,1,2,46.6
78,13,75,3,1,3,46.6
78,24,36,3,1,4,46.6
78,28,60,3,1,3,46.6
78,31,33,3,1,3,46.6
78,32,12,3,1,4,46.6
78,34,42,3,1,4,46.6
78,36,45,3,1,2,46.6
78,43,51,3,1,3,46.6
78,44,54,3,1,2,46.6
78,46,63,3,1,3,46.6
78,54,69,3,1,2,46.6
78,59,72,3,2,2,46.6
78,63,57,3,2,2,46.6
78,69,45,3,2,3,46.6
78,72,33,3,2,2,46.6
78,85,3,3,2,1,46.6
78,88,12,3,2,1,46.6
78,98,0,3,2,1,46.6
78,99,9,3,2,1,46.6
79,6,3,3,1,3,46.6
79,16,60,3,1,2,46.6
79,20,9,3,1,4,46.6
79,22,30,3,1,2,46.6
79,27,12,3,1,4,46.6
79,33,21,3,1,2,46.6
79,35,15,3,1,3,46.6
79,37,24,3,1,3,46.6
79,39,63,3,1,3,46.6
79,40,27,3,1,4,46.6
79,45,42,3,1,3,46.6
79,50,69,3,1,3,46.6
79,52,33,3,1,4,46.6
79,54,6,3,1,2,46.6
79,56,36,3,1,4,46.6
79,59,39,3,1,3,46.6
79,60,48,3,1,3,46.6
79,65,45,3,1,2,46.6
79,71,51,3,1,2,46.6
79,80,54,3,1,1,46.6
79,81,66,3,1,1,46.6
79,86,72,3,1,1,46.6
79,89,12,3,2,1,46.6
79,99,0,3,2,1,46.6
80,3,24,3,1,3,46.6
80,4,45,3,1,3,46.6
80,8,33,3,1,2,46.6
80,10,0,3,1,3,46.6
80,11,9,3,1,2,46.6
80,12,21,3,1,4,46.6
80,15,15,3,1,4,46.6
80,18,51,3,1,2,46.6
80,20,12,3,1,4,46.6
80,21,36,3,1,3,46.6
80,23,48,3,1,3,46.6
80,24,27,3,1,4,46.6
80,25,30,3,1,4,46.6
80,27,39,3,1,4,46.6
80,28,63,3,1,3,46.6
80,32,6,3,1,4,46.6
80,33,42,3,1,2,46.6
80,35,57,3,1,3,46.6
80,36,60,3,1,2,46.6
80,37,66,3,1,3,46.6
80,39,69,3,1,3,46.6
80,40,72,3,1,4,46.6
80,42,75,3,1,3,46.6
80,43,15,3,2,3,46.6
80,46,51,3,2,3,46.6
80,48,3,3,2,3,46.6
80,49,6,3,2,3,46.6
80,56,42,3,2,4,46.6
80,57,60,3,2,3,46.6
80,58,9,3,2,4,46.6
80,59,0,3,2,3,46.6
80,61,69,3,2,2,46.6
80,63,72,3,2,2,46.6
80,65,57,3,2,2,46.6
80,67,12,3,2,2,46.6
80,70,18,3,2,3,46.6
80,75,33,3,2,4,46.6
80,76,24,3,2,4,46.6
80,77,21,3,2,3,46.6
80,78,27,3,2,2,46.6
80,82,30,3,2,1,46.6
80,84,48,3,2,1,46.6
80,85,39,3,2,1,46.6
80,86,45,3,2,1,46.6
80,87,66,3,2,1,46.6
80,91,54,3,2,1,46.6
80,93,63,3,2,1,46.6
80,97,75,3,2,1,46.6
80,98,36,3,2,2,46.6
80,99,15,3,3,1,46.6
81,3,36,3,1,3,46.6
81,4,48,3,1,3,46.6
81,8,54,3,1,2,46.6
81,9,60,3,1,3,46.6
81,12,27,3,1,4,46.6
81,15,30,3,1,4,46.6
81,19,6,3,1,3,46.6
81,20,21,3,1,4,46.6
81,21,33,3,1,3,46.6
81,23,63,3,1,3,46.6
81,24,15,3,1,4,46.6
81,25,12,3,1,4,46.6
81,27,24,3,1,4,46.6
81,31,45,3,1,3,46.6
81,34,75,3,1,3,46.6
81,35,51,3,1,3,46.6
81,39,72,3,1,3,46.6
81,40,69,3,1,4,46.6
81,41,6,3,2,3,46.6
81,42,69,3,2,2,46.6
81,43,21,3,2,3,46.6
81,46,54,3,2,3,46.6
81,53,27,3,2,4,46.6
81,55,3,3,2,3,46.6
81,58,12,3,2,4,46.6
81,59,9,3,2,3,46.6
81,60,51,3,2,3,46.6
81,61,72,3,2,2,46.6
81,64,0,3,2,4,46.6
81,67,24,3,2,2,46.6
81,68,48,3,2,3,46.6
81,71,45,3,2,1,46.6
81,72,36,3,2,2,46.6
81,73,33,3,2,3,46.6
81,74,57,3,2,2,46.6
81,80,18,3,2,3,46.6
81,84,63,3,2,1,46.6
81,87,75,3,2,1,46.6
81,89,30,3,2,1,46.6
81,91,60,3,2,1,46.6
81,94,39,3,2,1,46.6
81,97,42,3,2,1,46.6
81,98,15,3,2,1,46.6
82,1,0,3,1,4,46.6
82,2,45,3,1,4,46.6
82,3,48,3,1,3,46.6
82,6,24,3,1,3,46.6
82,7,36,3,1,2,46.6
82,8,57,3,1,2,46.6
82,9,63,3,1,3,46.6
82,11,54,3,1,2,46.6
82,12,69,3,1,4,46.6
82,13,66,3,1,3,46.6
82,14,60,3,1,2,46.6
82,15,72,3,1,4,46.6
82,18,54,3,2,2,46.6
82,20,27,3,2,4,46.6
82,21,45,3,2,3,46.6
82,22,66,3,2,2,46.6
82,23,57,3,2,3,46.6
82,24,9,3,2,4,46.6
82,25,15,3,2,4,46.6
82,27,18,3,2,4,46.6
82,28,69,3,2,3,46.6
82,30,0,3,2,2,46.6
82,31,30,3,2,3,46.6
82,32,24,3,2,4,46.6
82,33,48,3,2,2,46.6
82,34,3,3,2,4,46.6
82,35,21,3,2,3,46.6
82,36,6,3,2,2,46.6
82,37,12,3,2,3,46.6
82,38,33,3,2,4,46.6
82,39,60,3,2,3,46.6
82,41,39,3,2,3,46.6
82,42,36,3,2,3,46.6
82,43,42,3,2,3,46.6
82,44,51,3,2,2,46.6
82,46,63,3,2,4,46.6
82,47,75,3,2,3,46.6
82,48,72,3,2,3,46.6
82,49,9,3,3,3,46.6
82,51,57,3,3,2,46.6
82,52,18,3,3,4,46.6
82,53,30,3,3,4,46.6
82,54,12,3,3,2,46.6
82,55,6,3,3,3,46.6
82,59,15,3,3,3,46.6
82,60,60,3,3,3,46.6
82,61,51,3,3,2,46.6
82,63,0,3,3,3,46.6
82,64,3,3,3,4,46.6
82,66,72,3,3,3,46.6
82,67,27,3,3,2,46.6
82,68,21,3,3,4,46.6
82,69,66,3,3,3,46.6
82,70,24,3,3,3,46.6
82,72,42,3,3,2,46.6
82,73,36,3,3,3,46.6
82,74,48,3,3,2,46.6
82,75,39,3,3,4,46.6
82,76,33,3,3,4,46.6
82,79,45,3,3,2,46.6
82,80,54,3,3,3,46.6
82,81,63,3,3,3,46.6
82,83,69,3,3,1,46.6
82,84,75,3,3,1,46.6
82,85,6,3,4,1,46.6
82,86,42,3,4,1,46.6
82,87,72,3,4,1,46.6
82,88,15,3,4,1,46.6
82,89,24,3,4,1,46.6
82,90,36,3,4,1,46.6
82,91,9,3,4,1,46.6
82,92,0,3,4,1,46.6
82,95,3,3,4,1,46.6
82,96,18,3,4,1,46.6
82,99,27,3,4,1,46.6
83,7,27,3,1,2,46.6
83,21,51,3,1,3,46.6
83,24,18,3,1,4,46.6
83,29,33,3,1,2,46.6
83,30,36,3,1,2,46.6
83,33,54,3,1,2,46.6
83,38,39,3,1,4,46.6
83,42,42,3,1,3,46.6
83,45,63,3,1,3,46.6
83,46,60,3,1,3,46.6
83,49,72,3,1,3,46.6
83,52,9,3,2,4,46.6
83,54,15,3,2,2,46.6
83,59,12,3,2,3,46.6
83,60,57,3,2,3,46.6
83,65,63,3,2,2,46.6
83,68,0,3,2,4,46.6
83,71,48,3,2,1,46.6
83,73,24,3,2,3,46.6
83,74,51,3,2,2,46.6
83,80,3,3,2,3,46.6
83,81,66,3,2,2,46.6
83,85,18,3,2,1,46.6
83,87,6,3,2,2,46.6
83,90,42,3,2,1,46.6
83,91,27,3,2,1,46.6
83,92,21,3,2,1,46.6
83,93,45,3,2,1,46.6
83,99,33,3,2,1,46.6
84,0,51,3,1,2,46.6
84,1,72,3,1,4,46.6
84,3,69,3,1,3,46.6
84,4,51,3,2,3,46.6
84,7,0,3,2,2,46.6
84,11,21,3,2,2,46.6
84,12,30,3,2,4,46.6
84,15,42,3,2,4,46.6
84,17,6,3,2,2,46.6
84,18,57,3,2,2,46.6
84,19,3,3,2,3,46.6
84,20,36,3,2,4,46.6
84,21,54,3,2,3,46.6
84,24,24,3,2,4,46.6
84,25,27,3,2,4,46.6
84,27,9,3,2,4,46.6
84,28,66,3,2,3,46.6
84,30,12,3,2,2,46.6
84,31,39,3,2,3,46.6
84,32,18,3,2,4,46.6
84,34,15,3,2,4,46.6
84,36,48,3,2,2,46.6
84,37,33,3,2,3,46.6
84,38,45,3,2,4,46.6
84,39,75,3,2,3,46.6
84,40,63,3,2,4,46.6
84,41,60,3,2,3,46.6
84,47,69,3,2,3,46.6
84,49,72,3,2,4,46.6
84,55,9,3,3,3,46.6
84,57,66,3,3,3,46.6
84,58,3,3,3,4,46.6
84,59,21,3,3,3,46.6
84,60,63,3,3,3,46.6
84,61,0,3,3,3,46.6
84,62,69,3,3,2,46.6
84,63,60,3,3,2,46.6
84,66,6,3,3,4,46.6
84,67,30,3,3,2,46.6
84,69,57,3,3,3,46.6
84,71,12,3,3,2,46.6
84,72,45,3,3,2,46.6
84,73,39,3,3,3,46.6
84,74,72,3,3,2,46.6
84,75,48,3,3,4,46.6
84,76,15,3,3,4,46.6
84,78,18,3,3,2,46.6
84,79,24,3,3,2,46.6
84,81,27,3,3,3,46.6
84,82,33,3,3,4,46.6
84,83,36,3,3,2,46.6
84,86,51,3,3,1,46.6
84,87,42,3,3,2,46.6
84,88,54,3,3,1,46.6
84,91,75,3,3,2,46.6
84,94,33,3,4,1,46.6
84,95,6,3,4,1,46.6
84,97,0,3,4,1,46.6
85,0,42,3,1,2,46.6
85,2,27,3,1,4,46.6
85,6,45,3,1,3,46.6
85,7,24,3,1,2,46.6
85,12,48,3,1,4,46.6
85,14,66,3,1,1,46.6
85,20,51,3,1,4,46.6
85,23,60,3,1,3,46.6
85,24,63,3,1,4,46.6
85,27,54,3,1,4,46.6
85,29,57,3,1,2,46.6
85,33,69,3,1,2,46.6
85,37,72,3,1,3,46.6
85,39,66,3,2,3,46.6
85,40,21,3,2,4,46.6
85,42,0,3,2,3,46.6
85,43,24,3,2,3,46.6
85,45,45,3,2,3,46.6
85,46,69,3,2,3,46.6
85,47,15,3,2,3,46.6
85,49,30,3,2,3,46.6
85,51,72,3,2,2,46.6
85,57,75,3,2,3,46.6
85,58,6,3,2,4,46.6
85,61,3,3,2,3,46.6
85,64,9,3,2,4,46.6
85,67,33,3,2,2,46.6
85,68,12,3,2,4,46.6
85,69,18,3,2,4,46.6
85,70,27,3,2,3,46.6
85,73,42,3,2,3,46.6
85,74,60,3,2,2,46.6
85,76,36,3,2,4,46.6
85,77,48,3,2,3,46.6
85,78,39,3,2,2,46.6
85,79,51,3,2,2,46.6
85,81,54,3,2,3,46.6
85,82,57,3,2,4,46.6
85,89,63,3,2,1,46.6
85,90,48,3,3,1,46.6
85,91,18,3,3,1,46.6
85,92,3,3,3,1,46.6
85,96,6,3,3,1,46.6
85,97,12,3,3,1,46.6
85,99,39,3,3,1,46.6
86,2,48,3,1,4,46.6
86,3,54,3,1,3,46.6
86,4,63,3,1,3,46.6
86,5,60,3,1,2,46.6
86,6,66,3,1,3,46.6
86,8,69,3,1,2,46.6
86,9,39,3,2,3,46.6
86,10,75,3,1,3,46.6
86,12,0,3,2,4,46.6
86,14,75,3,2,1,46.6
86,15,45,3,2,4,46.6
86,16,57,3,2,2,46.6
86,18,60,3,2,2,46.6
86,22,72,3,2,2,46.6
86,24,30,3,2,4,46.6
86,26,3,3,2,2,46.6
86,27,15,3,2,4,46.6
86,28,6,3,2,4,46.6
86,31,27,3,2,3,46.6
86,34,9,3,2,4,46.6
86,36,18,3,2,2,46.6
86,39,12,3,2,4,46.6
86,40,24,3,2,4,46.6
86,41,21,3,2,3,46.6
86,42,33,3,2,3,46.6
86,43,36,3,2,3,46.6
86,44,42,3,2,2,46.6
86,45,48,3,2,3,46.6
86,46,66,3,2,3,46.6
86,47,51,3,2,3,46.6
86,48,54,3,2,3,46.6
86,49,63,3,2,3,46.6
86,51,69,3,2,3,46.6
86,52,27,3,3,4,46.6
86,53,33,3,3,4,46.6
86,54,18,3,3,2,46.6
86,55,12,3,3,3,46.6
86,56,45,3,3,4,46.6
86,57,69,3,3,3,46.6
86,59,24,3,3,3,46.6
86,60,66,3,3,3,46.6
86,61,6,3,3,3,46.6
86,62,63,3,3,2,46.6
86,65,72,3,3,2,46.6
86,66,0,3,3,4,46.6
86,67,36,3,3,2,46.6
86,68,3,3,3,4,46.6
86,69,75,3,3,3,46.6
86,70,21,3,3,3,46.6
86,71,9,3,3,2,46.6
86,73,48,3,3,3,46.6
86,75,51,3,3,4,46.6
86,76,30,3,3,4,46.6
86,77,15,3,3,3,46.6
86,78,42,3,3,2,46.6
86,79,39,3,3,2,46.6
86,81,57,3,3,3,46.6
86,82,54,3,3,4,46.6
86,83,60,3,3,2,46.6
86,87,0,3,4,2,46.6
86,88,21,3,4,1,46.6
86,91,24,3,4,1,46.6
86,92,6,3,4,1,46.6
86,93,48,3,4,1,46.6
86,94,36,3,4,1,46.6
86,95,18,3,4,1,46.6
86,97,39,3,4,1,46.6
86,99,42,3,4,1,46.6
87,1,3,3,2,4,46.6
87,2,9,3,2,4,46.6
87,3,51,3,2,3,46.6
87,5,18,3,2,2,46.6
87,7,12,3,2,2,46.6
87,10,21,3,2,3,46.6
87,11,24,3,2,2,46.6
87,14,15,3,2,2,46.6
87,15,48,3,2,4,46.6
87,16,66,3,2,2,46.6
87,18,63,3,2,2,46.6
87,20,39,3,2,4,46.6
87,21,60,3,2,3,46.6
87,22,75,3,2,2,46.6
87,23,69,3,2,3,46.6
87,24,72,3,2,4,46.6
87,25,33,3,2,4,46.6
87,26,27,3,2,2,46.6
87,30,30,3,2,2,46.6
87,31,36,3,2,3,46.6
87,33,45,3,2,2,46.6
87,34,54,3,2,4,46.6
87,35,57,3,2,4,46.6
87,36,3,3,3,2,46.6
87,38,9,3,3,4,46.6
87,42,6,3,3,3,46.6
87,43,30,3,3,3,46.6
87,44,12,3,3,2,46.6
87,46,0,3,3,4,46.6
87,47,24,3,3,3,46.6
87,49,36,3,3,3,46.6
87,53,39,3,3,4,46.6
87,55,15,3,3,3,46.6
87,56,48,3,3,4,46.6
87,57,72,3,3,3,46.6
87,58,18,3,3,4,46.6
87,60,69,3,3,3,46.6
87,61,21,3,3,3,46.6
87,63,27,3,3,3,46.6
87,67,42,3,3,2,46.6
87,69,33,3,3,4,46.6
87,70,51,3,3,3,46.6
87,71,45,3,3,2,46.6
87,72,54,3,3,2,46.6
87,73,57,3,3,3,46.6
87,75,60,3,3,4,46.6
87,76,63,3,3,4,46.6
87,80,66,3,3,3,46.6
87,83,75,3,3,2,46.6
87,84,3,3,4,4,46.6
87,88,24,3,4,1,46.6
87,89,27,3,4,1,46.6
87,90,51,3,4,1,46.6
87,91,45,3,4,1,46.6
87,93,54,3,4,1,46.6
87,94,57,3,4,1,46.6
87,95,21,3,4,1,46.6
87,97,60,3,4,1,46.6
87,98,6,3,4,1,46.6
88,4,57,3,1,3,46.6
88,9,66,3,1,3,46.6
88,25,36,3,1,4,46.6
88,38,30,3,1,4,46.6
88,54,33,3,1,2,46.6
88,55,39,3,1,3,46.6
88,56,60,3,1,4,46.6
88,59,42,3,1,3,46.6
88,66,45,3,1,4,46.6
88,68,48,3,1,4,46.6
88,71,63,3,1,2,46.6
88,73,69,3,1,3,46.6
88,84,72,3,1,4,46.6
88,90,75,3,1,1,46.6
89,0,39,3,1,2,46.6
89,1,42,3,1,4,46.6
89,4,66,3,1,3,46.6
89,6,33,3,1,3,46.6
89,7,45,3,1,2,46.6
89,9,72,3,1,3,46.6
89,10,36,3,1,3,46.6
89,11,48,3,1,2,46.6
89,12,51,3,1,4,46.6
89,13,54,3,1,4,46.6
89,15,57,3,1,4,46.6
89,17,69,3,1,2,46.6
89,19,75,3,1,3,46.6
89,21,63,3,2,3,46.6
89,22,0,3,2,3,46.6
89,23,66,3,2,3,46.6
89,24,39,3,2,4,46.6
89,25,21,3,2,4,46.6
89,26,6,3,2,2,46.6
89,27,27,3,2,4,46.6
89,28,72,3,2,3,46.6
89,29,12,3,2,2,46.6
89,30,3,3,2,2,46.6
89,31,42,3,2,3,46.6
89,33,51,3,2,2,46.6
89,34,18,3,2,4,46.6
89,36,9,3,2,2,46.6
89,37,30,3,2,3,46.6
89,38,24,3,2,4,46.6
89,39,15,3,2,4,46.6
89,40,33,3,2,4,46.6
89,41,48,3,2,3,46.6
89,42,45,3,2,3,46.6
89,43,54,3,2,3,46.6
89,44,36,3,2,2,46.6
89,45,57,3,2,3,46.6
89,46,60,3,2,4,46.6
89,47,69,3,2,4,46.6
89,48,75,3,2,3,46.6
89,49,39,3,3,3,46.6
89,50,3,3,3,4,46.6
89,51,66,3,3,2,46.6
89,53,36,3,3,4,46.6
89,54,27,3,3,2,46.6
89,55,21,3,3,3,46.6
89,56,51,3,3,4,46.6
89,58,24,3,3,4,46.6
89,59,45,3,3,3,46.6
89,60,72,3,3,3,46.6
89,62,75,3,3,2,46.6
89,63,6,3,3,3,46.6
89,64,15,3,3,4,46.6
89,65,69,3,3,2,46.6
89,66,9,3,3,4,46.6
89,67,48,3,3,2,46.6
89,68,18,3,3,4,46.6
89,70,30,3,3,3,46.6
89,71,0,3,3,2,46.6
89,75,54,3,3,4,46.6
89,78,60,3,3,2,46.6
89,79,33,3,3,2,46.6
89,80,12,3,3,3,46.6
89,82,63,3,3,4,46.6
89,83,42,3,3,3,46.6
89,84,57,3,3,4,46.6
89,85,0,3,4,3,46.6
89,86,3,3,4,4,46.6
89,87,9,3,4,4,46.6
89,88,6,3,4,2,46.6
89,91,48,3,4,1,46.6
89,92,27,3,4,1,46.6
89,97,63,3,4,1,46.6
89,98,39,3,4,1,46.6
89,99,60,3,4,1,46.6
90,2,54,3,1,4,46.6
90,6,57,3,1,3,46.6
90,23,72,3,1,3,46.6
90,28,60,3,1,4,46.6
90,30,66,3,1,2,46.6
90,44,6,3,2,2,46.6
90,52,30,3,2,4,46.6
90,55,24,3,2,3,46.6
90,56,54,3,2,4,46.6
90,70,33,3,2,3,46.6
90,74,63,3,2,2,46.6
90,78,15,3,2,2,46.6
90,85,9,3,2,3,46.6
90,88,0,3,2,2,46.6
90,99,48,3,2,1,46.6
91,0,57,3,1,2,46.6
91,13,51,3,1,4,46.6
91,15,63,3,1,4,46.6
91,16,69,3,1,2,46.6
91,17,66,3,1,2,46.6
91,20,42,3,2,4,46.6
91,24,60,3,2,4,46.6
91,25,24,3,2,4,46.6
91,27,21,3,2,4,46.6
91,31,48,3,2,3,46.6
91,32,0,3,2,4,46.6
91,33,57,3,2,2,46.6
91,36,27,3,2,2,46.6
91,37,3,3,2,3,46.6
91,38,18,3,2,4,46.6
91,42,9,3,2,3,46.6
91,47,30,3,2,3,46.6
91,49,45,3,2,3,46.6
91,52,36,3,2,4,46.6
91,54,39,3,2,2,46.6
91,55,33,3,2,3,46.6
91,58,51,3,2,4,46.6
91,61,12,3,2,3,46.6
91,62,66,3,2,2,46.6
91,66,54,3,2,4,46.6
91,70,63,3,2,3,46.6
91,72,72,3,2,2,46.6
91,74,69,3,2,2,46.6
91,75,45,3,3,4,46.6
91,76,18,3,3,4,46.6
91,79,6,3,2,2,46.6
91,84,9,3,3,4,46.6
91,85,15,3,3,3,46.6
91,88,3,3,3,2,46.6
91,92,30,3,3,1,46.6
91,93,51,3,3,1,46.6
91,94,60,3,3,1,46.6
91,96,42,3,3,1,46.6
91,97,69,3,3,1,46.6
91,99,63,3,3,1,46.6
92,2,51,3,1,4,46.6
92,5,48,3,1,2,46.6
92,8,42,3,1,2,46.6
92,11,33,3,1,2,46.6
92,15,54,3,1,4,46.6
92,16,45,3,1,3,46.6
92,17,57,3,1,2,46.6
92,19,60,3,1,3,46.6
92,21,66,3,1,3,46.6
92,24,69,3,1,4,46.6
92,25,63,3,1,4,46.6
92,26,72,3,1,2,46.6
92,29,0,3,2,2,46.6
92,32,9,3,2,4,46.6
92,35,3,3,2,3,46.6
92,38,21,3,2,4,46.6
92,40,30,3,2,4,46.6
92,46,6,3,2,4,46.6
92,48,12,3,2,3,46.6
92,49,48,3,2,3,46.6
92,52,39,3,2,4,46.6
92,53,42,3,2,4,46.6
92,55,27,3,2,3,46.6
92,57,15,3,2,4,46.6
92,58,33,3,2,4,46.6
92,59,36,3,2,3,46.6
92,61,18,3,2,3,46.6
92,62,24,3,2,3,46.6
92,66,51,3,2,4,46.6
92,72,57,3,2,2,46.6
92,75,63,3,2,4,46.6
92,76,45,3,2,4,46.6
92,77,54,3,2,3,46.6
92,78,66,3,2,2,46.6
92,82,60,3,2,4,46.6
92,84,69,3,2,4,46.6
92,86,72,3,2,4,46.6
92,89,12,3,3,4,46.6
92,94,63,3,3,1,46.6
92,96,3,3,3,1,46.6
92,98,45,3,3,1,46.6
93,0,60,3,1,2,46.6
93,1,57,3,1,4,46.6
93,2,66,3,1,4,46.6
93,3,72,3,1,3,46.6
93,4,75,3,1,3,46.6
93,5,69,3,1,2,46.6
93,6,6,3,2,3,46.6
93,8,36,3,2,2,46.6
93,10,9,3,2,3,46.6
93,12,39,3,2,4,46.6
93,13,72,3,2,3,46.6
93,16,75,3,2,2,46.6
93,17,12,3,2,2,46.6
93,18,66,3,2,2,46.6
93,19,0,3,2,3,46.6
93,20,48,3,2,4,46.6
93,21,69,3,2,3,46.6
93,22,3,3,2,3,46.6
93,23,15,3,2,4,46.6
93,25,51,3,2,4,46.6
93,26,18,3,2,2,46.6
93,27,30,3,2,4,46.6
93,28,21,3,2,4,46.6
93,30,24,3,2,2,46.6
93,31,54,3,2,3,46.6
93,32,27,3,2,4,46.6
93,33,33,3,2,3,46.6
93,34,45,3,2,4,46.6
93,36,42,3,2,2,46.6
93,37,57,3,2,3,46.6
93,38,60,3,2,4,46.6
93,39,63,3,2,4,46.6
93,40,36,3,3,4,46.6
93,41,30,3,3,3,46.6
93,42,3,3,3,3,46.6
93,44,9,3,3,2,46.6
93,45,51,3,3,3,46.6
93,46,12,3,3,4,46.6
93,47,27,3,3,3,46.6
93,48,15,3,3,3,46.6
93,49,54,3,3,3,46.6
93,50,6,3,3,4,46.6
93,51,75,3,3,2,46.6
93,52,42,3,3,4,46.6
93,55,45,3,3,3,46.6
93,56,57,3,3,4,46.6
93,57,0,3,3,4,46.6
93,58,21,3,3,4,46.6
93,59,48,3,3,3,46.6
93,60,18,3,3,4,46.6
93,61,24,3,3,3,46.6
93,62,33,3,3,3,46.6
93,64,39,3,3,4,46.6
93,65,66,3,3,2,46.6
93,66,60,3,3,4,46.6
93,67,63,3,3,2,46.6
93,69,69,3,3,3,46.6
93,70,72,3,3,3,46.6
93,71,3,3,4,2,46.6
93,72,48,3,4,2,46.6
93,73,45,3,4,3,46.6
93,74,66,3,4,2,46.6
93,75,69,3,4,4,46.6
93,78,6,3,4,2,46.6
93,79,9,3,4,2,46.6
93,80,0,3,4,3,46.6
93,83,30,3,4,2,46.6
93,84,12,3,4,4,46.6
93,85,21,3,4,3,46.6
93,86,15,3,4,4,46.6
93,88,18,3,4,2,46.6
93,89,24,3,4,4,46.6
93,90,27,3,4,2,46.6
93,91,33,3,4,3,46.6
93,92,36,3,4,3,46.6
93,94,72,3,4,1,46.6
93,95,39,3,4,1,46.6
93,96,54,3,4,1,46.6
94,2,69,3,1,4,46.6
94,4,66,3,1,4,46.6
94,6,75,3,1,3,46.6
94,8,39,3,2,2,46.6
94,13,0,3,2,4,46.6
94,14,3,3,2,2,46.6
94,15,51,3,2,4,46.6
94,16,6,3,2,3,46.6
94,17,9,3,2,2,46.6
94,19,12,3,2,3,46.6
94,21,75,3,2,3,46.6
94,22,15,3,2,3,46.6
94,23,18,3,2,4,46.6
94,26,21,3,2,2,46.6
94,28,24,3,2,4,46.6
94,29,27,3,2,2,46.6
94,30,33,3,2,2,46.6
94,34,30,3,2,4,46.6
94,35,36,3,2,3,46.6
94,36,54,3,2,2,46.6
94,37,42,3,2,3,46.6
94,40,45,3,2,4,46.6
94,42,48,3,2,3,46.6
94,43,57,3,2,3,46.6
94,44,60,3,2,2,46.6
94,45,66,3,2,3,46.6
94,47,63,3,2,3,46.6
94,49,69,3,2,3,46.6
94,52,45,3,3,4,46.6
94,54,72,3,2,2,46.6
94,57,3,3,3,4,46.6
94,58,27,3,3,4,46.6
94,66,12,3,3,4,46.6
94,72,51,3,3,2,46.6
94,75,66,3,3,4,46.6
94,77,9,3,3,3,46.6
94,78,21,3,3,2,46.6
94,81,0,3,3,3,46.6
94,82,30,3,3,4,46.6
94,83,39,3,3,2,46.6
94,85,24,3,3,3,46.6
94,86,33,3,3,4,46.6
94,89,15,3,3,4,46.6
94,91,6,3,3,3,46.6
94,96,57,3,3,1,46.6
95,3,60,3,1,3,46.6
95,4,72,3,1,3,46.6
95,9,27,3,1,4,46.6
95,37,36,3,1,3,46.6
95,42,30,3,1,3,46.6
95,45,51,3,1,4,46.6
95,56,63,3,1,4,46.6
95,68,54,3,1,4,46.6
95,80,57,3,1,3,46.6
95,81,66,3,1,3,46.6
95,87,75,3,1,4,46.6
95,92,0,3,2,3,46.6
96,4,30,3,1,4,46.6
96,6,63,3,1,3,46.6
96,7,66,3,1,2,46.6
96,8,72,3,1,2,46.6
96,16,69,3,1,3,46.6
96,20,75,3,1,4,46.6
96,23,75,3,2,3,46.6
96,24,75,3,3,4,46.6
96,27,33,3,2,4,46.6
96,30,6,3,2,2,46.6
96,31,57,3,2,3,46.6
96,41,51,3,2,3,46.6
96,43,39,3,2,3,46.6
96,49,60,3,2,3,46.6
96,52,48,3,2,4,46.6
96,56,66,3,2,4,46.6
96,65,0,3,2,3,46.6
96,71,15,3,2,2,46.6
96,74,3,3,2,3,46.6
96,75,72,3,2,4,46.6
96,86,9,3,2,4,46.6
96,91,12,3,2,3,46.6
96,97,18,3,2,2,46.6
96,99,69,3,2,1,46.6
97,0,72,3,1,2,46.6
97,2,6,3,2,4,46.6
97,3,42,3,2,3,46.6
97,4,0,3,2,4,46.6
97,5,24,3,2,2,46.6
97,7,3,3,2,2,46.6
97,8,60,3,2,2,46.6
97,9,9,3,2,4,46.6
97,10,12,3,2,3,46.6
97,11,27,3,2,2,46.6
97,12,45,3,2,4,46.6
97,13,15,3,2,4,46.6
97,14,21,3,2,2,46.6
97,15,69,3,2,4,46.6
97,16,30,3,2,3,46.6
97,18,72,3,2,2,46.6
97,19,33,3,2,3,46.6
97,20,54,3,2,4,46.6
97,21,36,3,2,4,46.6
97,23,39,3,2,4,46.6
97,25,66,3,2,4,46.6
97,26,48,3,2,2,46.6
97,28,75,3,2,3,46.6
97,29,51,3,2,2,46.6
97,30,57,3,2,2,46.6
97,31,63,3,2,3,46.6
97,33,66,3,3,2,46.6
97,34,0,3,3,4,46.6
97,36,15,3,3,2,46.6
97,37,18,3,3,3,46.6
97,40,39,3,3,4,46.6
97,42,12,3,3,3,46.6
97,44,21,3,3,2,46.6
97,45,69,3,3,3,46.6
97,46,3,3,3,4,46.6
97,47,33,3,3,3,46.6
97,49,51,3,3,3,46.6
97,51,6,3,3,3,46.6
97,53,45,3,3,4,46.6
97,54,30,3,3,2,46.6
97,55,42,3,3,3,46.6
97,56,72,3,3,4,46.6
97,57,9,3,3,4,46.6
97,58,36,3,3,4,46.6
97,59,27,3,3,3,46.6
97,60,75,3,3,3,46.6
97,61,48,3,3,3,46.6
97,62,54,3,3,3,46.6
97,63,24,3,3,3,46.6
97,64,57,3,3,4,46.6
97,65,60,3,3,3,46.6
97,67,63,3,3,3,46.6
97,68,6,3,4,4,46.6
97,69,72,3,4,3,46.6
97,70,36,3,4,3,46.6
97,71,18,3,4,2,46.6
97,73,54,3,4,3,46.6
97,74,75,3,4,2,46.6
97,77,12,3,4,3,46.6
97,78,24,3,4,2,46.6
97,79,3,3,4,2,46.6
97,81,9,3,4,3,46.6
97,82,21,3,4,4,46.6
97,84,15,3,4,4,46.6
97,85,27,3,4,3,46.6
97,86,30,3,4,4,46.6
97,87,0,3,4,4,46.6
97,88,33,3,4,2,46.6
97,89,42,3,4,4,46.6
97,90,39,3,4,2,46.6
97,94,48,3,4,3,46.6
97,96,45,3,4,2,46.6
97,98,51,3,4,1,46.6
98,0,63,3,1,2,46.6
98,2,72,3,1,4,46.6
98,5,66,3,1,2,46.6
98,9,69,3,1,4,46.6
98,14,75,3,1,2,46.6
98,15,60,3,2,4,46.6
98,16,0,3,2,3,46.6
98,18,75,3,2,2,46.6
98,26,9,3,2,2,46.6
98,29,6,3,2,2,46.6
98,40,42,3,2,4,46.6
98,45,3,3,2,4,46.6
98,50,12,3,2,4,46.6
98,51,15,3,2,3,46.6
98,52,54,3,2,4,46.6
98,54,45,3,2,2,46.6
98,57,18,3,2,4,46.6
98,58,39,3,2,4,46.6
98,62,21,3,2,3,46.6
98,63,30,3,2,3,46.6
98,66,24,3,2,4,46.6
98,72,63,3,2,2,46.6
98,73,66,3,2,3,46.6
98,78,48,3,2,2,46.6
98,81,33,3,2,3,46.6
98,82,51,3,2,4,46.6
98,83,69,3,2,2,46.6
98,86,27,3,2,4,46.6
98,87,72,3,2,4,46.6
98,88,57,3,2,2,46.6
98,89,18,3,3,4,46.6
99,2,12,3,2,4,46.6
99,3,66,3,1,3,46.6
99,4,3,3,2,4,46.6
99,5,0,3,2,2,46.6
99,6,18,3,2,3,46.6
99,7,6,3,2,2,46.6
99,8,63,3,2,2,46.6
99,9,15,3,2,4,46.6
99,10,39,3,2,3,46.6
99,12,42,3,2,4,46.6
99,13,9,3,2,4,46.6
99,15,75,3,2,4,46.6
99,17,24,3,2,2,46.6
99,18,21,3,2,3,46.6
99,19,27,3,2,3,46.6
99,20,57,3,2,4,46.6
99,22,30,3,2,3,46.6
99,23,33,3,2,4,46.6
99,26,36,3,2,2,46.6
99,28,45,3,2,4,46.6
99,29,54,3,2,2,46.6
99,30,48,3,2,2,46.6
99,31,60,3,2,3,46.6
99,33,72,3,2,2,46.6
99,34,51,3,2,4,46.6
99,35,66,3,2,3,46.6
99,37,69,3,2,3,46.6
99,39,0,3,3,4,46.6
99,40,48,3,3,4,46.6
99,42,15,3,3,3,46.6
99,43,33,3,3,3,46.6
99,47,36,3,3,3,46.6
99,48,21,3,3,3,46.6
99,49,57,3,3,3,46.6
99,51,3,3,3,3,46.6
99,53,51,3,3,4,46.6
99,54,42,3,3,2,46.6
99,55,30,3,3,3,46.6
99,56,69,3,3,4,46.6
99,59,60,3,3,3,46.6
99,65,75,3,3,2,46.6
99,69,6,3,3,4,46.6
99,73,63,3,3,3,46.6
99,74,9,3,3,3,46.6
99,75,75,3,4,4,46.6
99,78,54,3,3,2,46.6
99,81,12,3,3,3,46.6
99,82,39,3,3,4,46.6
99,83,72,3,3,2,46.6
99,85,45,3,3,3,46.6
99,87,18,3,3,4,46.6
99,88,24,3,3,2,46.6
99,90,66,3,3,2,46.6
99,92,27,3,3,3,46.6
99,93,42,3,4,4,46.6
99,95,3,3,4,2,46.6
99,96,21,3,4,2,46.6
0,37,0,17,3,4,394.2
36,48,63,17,2,4,394.2
54,21,48,17,2,4,394.2
58,91,54,17,4,4,394.2
78,47,0,17,3,4,394.2
94,63,33,17,4,3,394.2
5,47,17,17,3,4,395.8
6,30,0,17,4,3,395.8
18,74,24,17,3,3,395.8
30,91,17,17,3,4,395.8
39,0,18,17,4,3,395.8
45,16,9,17,4,3,395.8
46,26,15,17,4,3,395.8
49,16,48,17,4,3,395.8
54,85,51,17,3,3,395.8
60,71,21,17,4,2,395.8
60,88,38,17,4,2,395.8
80,7,21,17,3,3,395.8
95,43,60,17,2,3,395.8
98,69,36,17,3,4,395.8
3,36,0,17,4,3,397.4
3,98,53,17,4,3,397.4
3,99,24,17,4,4,397.4
5,36,34,17,3,3,397.4
6,59,63,17,4,3,397.4
6,61,27,17,4,3,397.4
6,95,44,17,4,3,397.4
9,81,36,17,4,3,397.4
11,0,35,17,3,3,397.4
11,54,0,17,3,3,397.4
18,88,60,17,3,2,397.4
19,28,27,17,4,4,397.4
26,74,41,17,3,3,397.4
30,14,34,17,3,2,397.4
31,74,58,17,4,3,397.4
33,11,52,17,3,3,397.4
35,49,0,17,4,4,397.4
35,68,24,17,4,4,397.4
39,14,35,17,4,3,397.4
41,13,18,17,4,4,397.4
41,18,0,17,4,3,397.4
41,96,35,17,4,3,397.4
42,48,0,17,4,4,397.4
42,63,50,17,4,3,397.4
42,66,27,17,4,4,397.4
43,62,0,17,4,3,397.4
45,67,26,17,4,3,397.4
48,0,17,17,4,4,397.4
48,59,34,17,4,4,397.4
49,18,17,17,4,4,397.4
50,96,54,17,4,3,397.4
54,70,17,17,3,4,397.4
55,95,61,17,3,3,397.4
57,26,58,17,4,3,397.4
60,27,57,17,4,4,397.4
63,16,0,17,4,4,397.4
66,23,63,17,4,4,397.4
69,71,53,17,4,3,397.4
73,96,0,17,4,3,397.4
79,70,54,17,2,4,397.4
80,14,0,17,4,3,397.4
80,16,17,17,4,4,397.4
85,17,36,17,4,2,397.4
85,55,0,17,4,4,397.4
85,59,17,17,4,4,397.4
86,37,51,17,4,4,397.4
94,95,6,17,4,2,397.4
4,17,6,17,4,3,399.0
4,29,33,17,4,3,399.0
5,64,60,17,3,4,399.0
7,95,48,17,2,4,399.0
10,14,17,17,4,3,399.0
11,5,17,17,3,4,399.0
11,67,0,17,4,3,399.0
13,29,60,17,4,2,399.0
14,37,17,17,4,4,399.0
14,46,34,17,4,4,399.0
17,41,52,17,3,4,399.0
18,10,41,17,3,4,399.0
18,65,34,17,4,3,399.0
19,29,36,17,3,4,399.0
19,36,51,17,4,3,399.0
19,74,0,17,4,4,399.0
21,79,0,17,4,3,399.0
22,32,51,17,3,4,399.0
23,55,42,17,4,4,399.0
28,11,63,17,4,4,399.0
29,62,57,17,3,3,399.0
30,8,51,17,3,3,399.0
31,36,17,17,4,3,399.0
31,37,34,17,4,4,399.0
32,77,30,17,4,4,399.0
33,61,0,17,3,4,399.0
35,16,60,17,4,4,399.0
43,85,53,17,4,4,399.0
45,92,54,17,4,4,399.0
47,43,34,17,4,4,399.0
47,74,51,17,4,4,399.0
50,62,21,17,4,4,399.0
51,62,36,17,3,3,399.0
53,77,54,17,4,4,399.0
55,94,59,17,4,4,399.0
57,71,21,17,4,3,399.0
61,54,63,17,3,4,399.0
62,8,0,17,4,3,399.0
63,30,17,17,4,4,399.0
67,71,43,17,3,4,399.0
68,83,57,17,4,3,399.0
71,80,60,17,4,4,399.0
73,30,34,17,4,4,399.0
73,67,17,17,4,4,399.0
73,88,51,17,4,3,399.0
74,17,23,17,4,3,399.0
81,14,52,17,4,3,399.0
81,70,0,17,4,4,399.0
83,44,0,17,3,3,399.0
83,62,38,17,4,4,399.0
83,98,17,17,3,4,399.0
84,8,36,17,4,4,399.0
88,96,17,17,3,3,399.0
91,78,34,17,4,3,399.0
92,88,0,17,4,3,399.0
95,59,0,17,3,4,399.0
98,92,34,17,4,4,399.0
99,14,51,17,4,4,399.0
